6.819390127826604163e-03
6.736885497198429373e-06
5.762344932967948909e-05
4.046196447612765482e-06
1.253102484285874326e-05
1.855804638313894432e-04
1.253102484285757943e-05
4.046196447608338040e-06
5.762344932967519294e-05
6.736885497201493091e-06
1.325406763813644896e-05
6.815810810600016187e-06
2.455441619845005530e-05
4.067056035843766220e-06
4.364748348163291383e-06
2.163843323960896436e-05
9.258654465698147706e-06
1.098004620671145602e-05
6.573177261417956984e-06
1.223685186110946659e-05
1.131647866259454585e-05
3.588411901436945436e-06
7.571982968724227459e-04
3.588411901437723860e-06
1.131647866259638561e-05
1.223685186110902274e-05
6.573177261417534315e-06
1.098004620671009738e-05
9.258654465698877849e-06
2.163843323961030268e-05
4.364748348164190932e-06
4.067056035842631196e-06
2.455441619845114627e-05
6.815810810597121876e-06
1.325406763813695210e-05
1.076783007357075988e-04
2.242526047697039951e-05
2.016119634519280583e-05
1.242586310702412588e-04
3.784962945380577917e-05
1.474277617388409527e-05
9.580497072055131061e-05
2.075299997169780355e-04
2.794646331248826188e-05
6.384305991327302423e-05
2.948776394772045632e-04
6.555979205542802695e-05
3.372306843264178474e-05
2.058005442911931319e-04
3.371042388742383862e-04
5.208052445810400303e-05
1.073524642062232499e-04
4.628453375943071416e-04
1.024096158421098127e-04
8.298020211449626336e-05
3.292895591478664334e-04
5.699644422309368269e-03
9.699862198786675122e-04
1.765756287261544249e-03
8.147197228146012618e-03
1.765756287261541647e-03
9.699862198786654522e-04
5.699644422309375208e-03
3.292895591478670297e-04
8.298020211449038156e-05
1.024096158421098263e-04
4.628453375943026422e-04
1.073524642062223013e-04
5.208052445810403691e-05
3.371042388742375188e-04
2.058005442911922374e-04
3.372306843264219809e-05
6.555979205542969391e-05
2.948776394772038584e-04
6.384305991327297002e-05
2.794646331248732676e-05
2.075299997169826704e-04
9.580497072054735327e-05
1.474277617387923838e-05
3.784962945380685660e-05
1.242586310702394970e-04
2.016119634519219936e-05
2.242526047697065362e-05
1.076783007357131689e-04
5.589546846125666987e-05
1.570616194849182030e-04
2.980639083508167058e-05
3.875004767511023142e-05
1.538372607423354761e-04
4.894195344338386663e-05
3.340761916421131669e-05
1.571350376223982581e-04
6.980897582713591315e-05
3.062738189152614351e-05
1.998364549144510279e-04
2.780883874295885715e-05
5.001959036754130143e-05
1.657741499398160314e-04
5.842330291595575285e-05
4.256807564408547417e-05
1.782676709896427198e-04
2.903534685078527490e-05
1.937129798101771031e-05
4.201121229050031833e-05
1.937433650116872759e-05
1.347273000313577629e-05
4.210141407414210314e-05
4.796348702147636137e-06
1.516578570670143450e-06
4.655988750362327188e-05
1.183983953327648496e-05
8.459949852596354656e-05
3.107016923834784376e-04
4.875484029897853965e-05
9.435810722469915152e-05
2.681103816811078412e-04
9.700224694765803232e-05
8.096165220064494407e-05
3.116935147920075642e-04
3.877215559818576496e-05
4.319543804007938909e-04
3.710683767116256145e-03
7.874231203111583741e-04
1.056199327005357975e-03
3.303029336626233260e-03
1.056199327005348867e-03
7.874231203111591330e-04
3.710683767116257879e-03
4.319543804007920478e-04
3.877215559817608168e-05
3.116935147920104916e-04
8.096165220064367013e-05
9.700224694766062085e-05
2.681103816811086543e-04
9.435810722469949033e-05
4.875484029898240212e-05
3.107016923834759439e-04
8.459949852597056677e-05
1.183983953326827891e-05
4.655988750362168623e-05
1.516578570669314840e-06
4.796348702146094537e-06
4.210141407414206926e-05
1.347273000313787185e-05
1.937433650116896476e-05
4.201121229050251384e-05
1.937129798102497447e-05
2.903534685078713499e-05
1.782676709896462435e-04
4.256807564408760869e-05
5.842330291595387582e-05
1.657741499398161398e-04
5.001959036753661904e-05
2.780883874296153716e-05
1.998364549144521663e-04
3.062738189152778336e-05
6.980897582713728195e-05
1.571350376223958458e-04
3.340761916420857908e-05
4.894195344338246394e-05
1.538372607423385931e-04
3.875004767510785295e-05
2.980639083508493674e-05
1.570616194849228109e-04
5.589546846126076273e-05
1.529446042923302827e-06
8.916273525438397224e-05
1.517043709632865677e-05
1.356868223475139523e-05
1.719271989339532023e-05
1.153221178592111548e-05
1.017283308735131506e-05
1.523307745915956277e-05
4.004769545459391843e-06
9.311969129628699287e-05
5.909320779463051311e-05
5.460398598429831718e-04
1.339910255772001056e-04
1.241386386835653818e-04
6.336690649912736549e-05
1.135140015602231398e-04
9.114038850612582790e-05
2.715215588733790983e-05
1.756209087557390717e-05
3.420180009911970916e-05
9.374505050983056201e-05
2.515293857770358691e-04
8.276689262642627912e-06
1.603334613581071518e-05
3.165519232955452556e-05
2.198693917385581079e-05
8.069246606193294235e-06
3.951231771344239818e-05
4.362713299900659099e-05
8.021382074755189123e-06
2.173021779598512153e-05
3.401817232768476169e-06
1.118705934113466194e-05
3.058007460543869761e-05
2.957749586546670062e-05
1.606424077108316006e-06
2.681913210743509384e-05
1.029376129136306024e-05
1.670720156119720785e-05
1.074389240300679599e-05
1.906934926185615420e-05
6.462013925258258370e-06
2.574025266593952258e-05
9.936218262254369301e-06
1.498642904917057094e-04
1.024988977103690878e-04
3.802828933578147148e-05
6.463000481227139661e-06
2.681190743358298489e-05
2.423456886377825244e-05
4.404016016508999724e-05
5.885032764440228683e-06
2.174414404405219586e-05
6.826017599095970728e-05
9.689862378595055249e-05
5.055064171987894801e-04
1.869338989891124823e-05
2.406081730565494078e-04
1.129694759434935520e-05
4.849795341329497496e-05
1.417366081867135015e-05
4.849795341329535443e-05
1.129694759435155579e-05
2.406081730565474020e-04
1.869338989891075018e-05
5.055064171987880706e-04
9.689862378594767936e-05
6.826017599095950399e-05
2.174414404404879079e-05
5.885032764437289478e-06
4.404016016508583662e-05
2.423456886378059363e-05
2.681190743358130777e-05
6.463000481220958862e-06
3.802828933578620809e-05
1.024988977103661605e-04
1.498642904917016436e-04
9.936218262252995414e-06
2.574025266592775560e-05
6.462013925262528263e-06
1.906934926185609321e-05
1.074389240301526632e-05
1.670720156119678433e-05
1.029376129135917066e-05
2.681913210743648297e-05
1.606424077106418864e-06
2.957749586547321938e-05
3.058007460544149620e-05
1.118705934113853796e-05
3.401817232764352812e-06
2.173021779598577205e-05
8.021382074756246220e-06
4.362713299900857644e-05
3.951231771343757348e-05
8.069246606193616108e-06
2.198693917386088960e-05
3.165519232955727672e-05
1.603334613581350361e-05
8.276689262642809177e-06
2.515293857770450306e-04
9.374505050982622520e-05
3.420180009912024449e-05
1.756209087557765444e-05
2.715215588733602603e-05
9.114038850612691210e-05
1.135140015602204022e-04
6.336690649913175651e-05
1.241386386835616141e-04
1.339910255772034937e-04
5.460398598429662582e-04
5.909320779463524294e-05
9.311969129628111107e-05
4.004769545458555822e-06
1.523307745915758579e-05
1.017283308735239418e-05
1.153221178592184223e-05
1.719271989339564549e-05
1.356868223474923191e-05
1.517043709632896509e-05
8.916273525438597801e-05
1.529446042918470928e-06
5.623701002307540463e-05
4.112497056760604930e-05
1.890571762999448063e-05
8.522004469143582152e-06
1.482516313437287518e-05
1.120426562250732831e-05
2.477439280322963716e-05
1.471733196875909867e-05
2.072164360100790369e-05
9.449439506672020327e-06
9.350041342663284916e-06
2.157486038431249520e-05
3.537736710284620600e-05
1.226304321619028617e-05
2.539725554583958320e-05
1.073207075337899614e-04
2.515586640775715577e-05
1.000014984944641184e-05
3.616386225698799763e-05
1.147496628946453531e-04
5.160715305687675901e-06
9.447256625635410923e-06
5.581151642921818745e-05
1.129369586353694407e-04
2.162938387187474999e-05
2.620973182136420224e-05
2.282258867155303518e-04
1.386881303373507053e-04
1.234654705091854437e-04
1.991752189237953007e-04
2.733906235522093545e-05
8.884128304851549203e-05
2.351392715247281433e-05
1.243541460622211786e-04
5.115290413341218225e-05
9.015132426855209844e-05
9.726643583946717789e-05
4.099955874519804733e-04
4.587773378746440637e-04
4.307805278379370337e-05
3.871343870622102965e-05
1.651093417140747890e-05
1.164104892786672492e-05
2.454600558612325500e-06
3.181199412959039200e-06
3.193168561529191254e-05
3.607517298062961952e-05
1.610627776198111780e-05
9.887660132794492355e-06
3.141969291975405107e-05
3.021661934674677068e-05
4.476175578480276392e-05
1.210309733115216688e-05
2.557630840872236180e-05
7.831234355191526731e-06
2.903841585442668840e-05
3.657199232114140817e-05
1.016376242839531755e-05
5.223412779131814462e-05
8.072281797841446472e-06
2.075791632084006169e-05
2.324934083366759124e-05
2.137330104852874717e-05
6.583348368023122565e-06
1.841314711313553126e-05
1.424275939555197607e-04
4.783812971374070994e-05
5.989748476529940081e-05
2.168064336587480960e-04
6.431976272588453168e-05
9.797934345080760738e-05
2.055125361885134908e-04
1.405149212593570529e-04
7.357246230947578293e-05
1.926506897613670488e-04
1.910980161620714698e-04
5.277551216702456606e-05
9.494849817719311455e-05
5.867691322770691867e-04
2.280514705995754376e-05
3.632501059304847819e-04
8.610393556700161920e-04
5.447489140229689209e-04
3.988497630718885025e-04
1.498889641986592570e-03
3.988497630718917009e-04
5.447489140229680536e-04
8.610393556700154331e-04
3.632501059304814751e-04
2.280514705995784870e-05
5.867691322770634405e-04
9.494849817719918609e-05
5.277551216702226213e-05
1.910980161620667807e-04
1.926506897613657206e-04
7.357246230947820883e-05
1.405149212593536376e-04
2.055125361885139245e-04
9.797934345081072446e-05
6.431976272588245814e-05
2.168064336587489092e-04
5.989748476530465241e-05
4.783812971374575826e-05
1.424275939555252359e-04
1.841314711313333575e-05
6.583348368016664786e-06
2.137330104852038865e-05
2.324934083366530426e-05
2.075791632083394612e-05
8.072281797843208301e-06
5.223412779131935758e-05
1.016376242839195144e-05
3.657199232113921266e-05
2.903841585442699333e-05
7.831234355188638349e-06
2.557630840872230759e-05
1.210309733115596498e-05
4.476175578479743100e-05
3.021661934674482589e-05
3.141969291975229601e-05
9.887660132793894350e-06
1.610627776197918318e-05
3.607517298063618572e-05
3.193168561529502962e-05
3.181199412958342515e-06
2.454600558614353297e-06
1.164104892786639458e-05
1.651093417141135492e-05
3.871343870622567139e-05
4.307805278378852630e-05
4.587773378746252528e-04
4.099955874519942969e-04
9.726643583946167557e-05
9.015132426855148858e-05
5.115290413341597696e-05
1.243541460622219917e-04
2.351392715247175723e-05
8.884128304851148048e-05
2.733906235522161646e-05
1.991752189237931594e-04
1.234654705091915152e-04
1.386881303373489434e-04
2.282258867155468587e-04
2.620973182136591325e-05
2.162938387186984397e-05
1.129369586353653885e-04
5.581151642921296295e-05
9.447256625636303695e-06
5.160715305687677595e-06
1.147496628946420057e-04
3.616386225698380312e-05
1.000014984944523616e-05
2.515586640775743698e-05
1.073207075337934580e-04
2.539725554583835670e-05
1.226304321618730631e-05
3.537736710285620099e-05
2.157486038431585961e-05
9.350041342662112622e-06
9.449439506670515997e-06
2.072164360100417675e-05
1.471733196875307965e-05
2.477439280323168698e-05
1.120426562250538691e-05
1.482516313436812671e-05
8.522004469143858285e-06
1.890571762999722840e-05
4.112497056760886822e-05
5.623701002307467280e-05
3.182516067818357409e-04
1.383286188190313982e-05
4.631680121789324175e-05
3.347240476098374345e-05
6.773856479972914591e-06
5.997941243566853333e-05
7.835331813290394515e-06
5.998383887708045562e-05
3.501445942482109015e-05
1.144758843561973162e-05
8.426946757848030416e-05
2.895551519385334795e-05
1.011796786536615048e-05
1.096343081475438730e-04
3.384752887346112265e-04
4.091947092095971766e-05
3.997937520469194617e-05
3.432101597152513347e-05
2.719196257322332060e-06
2.456388125048396493e-05
8.183343506440539421e-06
1.054334947967309128e-05
1.519342568074417187e-05
2.835777704134054857e-06
1.023518538362722947e-05
5.391455092210874049e-06
6.242906661881482095e-06
1.914148243971918091e-05
2.336045539248914307e-05
3.752966912432935544e-05
1.802546199619908349e-05
4.311064241948336702e-06
2.791243080646710217e-05
9.479226888338315228e-05
1.509099487619797072e-05
2.715635250123859236e-05
2.009402537127546871e-05
2.772485773055701147e-05
1.657312822903935781e-05
2.176165990540309206e-05
5.839523114100559270e-06
8.913464519765641400e-05
2.696870911790009761e-05
7.778189406643187082e-06
1.340252821536206801e-05
1.986712278569426060e-04
7.662457350498399307e-04
1.125665483298720737e-04
1.873568758427121984e-04
2.015530894951876139e-04
5.275014053442864597e-05
3.846765554308721004e-05
1.717357271347426709e-04
1.523693238582127533e-04
5.511513277259798673e-05
2.950573036806975499e-04
1.846316299459391502e-04
4.155819220923163385e-04
1.616093140317792357e-04
2.161393651733733501e-04
2.259748490496717985e-05
1.681831399658935359e-05
3.101787254819405513e-05
2.164501214763592141e-05
2.766698333520597531e-05
2.652151210583312071e-05
4.733831999071329522e-05
2.110396144780208038e-05
3.591495314053499266e-05
1.560098158847399193e-05
2.465016264046168877e-05
3.511995003176991454e-05
1.259478587690805924e-05
1.229606110734702214e-05
1.165197458626631089e-05
1.651861133426926536e-05
2.176770078352277429e-05
2.912420502153099656e-05
2.563733308785533515e-06
2.234132878059384345e-05
3.109601865640338250e-05
1.376294992866594983e-05
3.563371420803539385e-05
7.499644657962536741e-06
8.600228371165898124e-06
6.604653011184833986e-06
5.471990639950232802e-06
1.050852513140287010e-05
3.061621479482402343e-05
1.243511412563670456e-05
9.808183416470660999e-06
1.701302445043707692e-04
1.054835976457426614e-05
7.719472189608015170e-05
1.085598197736635113e-05
3.538196817874964765e-05
8.047635749696263596e-05
6.451746007756661264e-05
1.416810027485072604e-04
1.199611651964499834e-05
7.984643638213816900e-05
1.061152095200138158e-04
1.686031764474131295e-04
7.216914276263048625e-05
1.409451551336766329e-05
4.713931500869854470e-04
3.224064269219588472e-04
1.628620951234887302e-04
1.343911509922228833e-04
4.216503695814437127e-04
6.530930681699971161e-05
3.445903602248990964e-04
7.953668291785845595e-04
3.445903602248994758e-04
6.530930681700269317e-05
4.216503695814412191e-04
1.343911509922229375e-04
1.628620951234893807e-04
3.224064269219557030e-04
4.713931500869772613e-04
1.409451551336043132e-05
7.216914276263033717e-05
1.686031764474188758e-04
1.061152095200112815e-04
7.984643638213585152e-05
1.199611651964676694e-05
1.416810027485092662e-04
6.451746007756570462e-05
8.047635749696491279e-05
3.538196817875211421e-05
1.085598197736882786e-05
7.719472189607902684e-05
1.054835976456813193e-05
1.701302445043680858e-04
9.808183416473261390e-06
1.243511412563913046e-05
3.061621479481814841e-05
1.050852513140458789e-05
5.471990639949858413e-06
6.604653011180883424e-06
8.600228371166208138e-06
7.499644657960584330e-06
3.563371420803515668e-05
1.376294992866999696e-05
3.109601865639970977e-05
2.234132878060241881e-05
2.563733308786203095e-06
2.912420502153812519e-05
2.176770078352304195e-05
1.651861133427104752e-05
1.165197458627041731e-05
1.229606110733745914e-05
1.259478587690732401e-05
3.511995003176419537e-05
2.465016264046721142e-05
1.560098158847205053e-05
3.591495314053954631e-05
2.110396144780153827e-05
4.733831999071494185e-05
2.652151210583064399e-05
2.766698333520790316e-05
2.164501214762622118e-05
3.101787254818618112e-05
1.681831399657625846e-05
2.259748490496423556e-05
2.161393651733806956e-04
1.616093140317941706e-04
4.155819220923264216e-04
1.846316299459327263e-04
2.950573036806947852e-04
5.511513277259551339e-05
1.523693238582100428e-04
1.717357271347403670e-04
3.846765554308449275e-05
5.275014053443115319e-05
2.015530894951859334e-04
1.873568758427129302e-04
1.125665483298839050e-04
7.662457350498735409e-04
1.986712278569355045e-04
1.340252821536499028e-05
7.778189406643049863e-06
2.696870911790258111e-05
8.913464519765280903e-05
5.839523114097902128e-06
2.176165990540138444e-05
1.657312822903739269e-05
2.772485773055753325e-05
2.009402537127510618e-05
2.715635250123910396e-05
1.509099487620019673e-05
9.479226888337952020e-05
2.791243080647768670e-05
4.311064241943802534e-06
1.802546199618774341e-05
3.752966912435069390e-05
2.336045539248653421e-05
1.914148243971446463e-05
6.242906661883672522e-06
5.391455092208160155e-06
1.023518538363471046e-05
2.835777704132380697e-06
1.519342568073968938e-05
1.054334947967458714e-05
8.183343506431450757e-06
2.456388125047945532e-05
2.719196257328159223e-06
3.432101597152790496e-05
3.997937520469488029e-05
4.091947092094232299e-05
3.384752887346219059e-04
1.096343081475377608e-04
1.011796786536730075e-05
2.895551519385486584e-05
8.426946757847861009e-05
1.144758843562362459e-05
3.501445942482187619e-05
5.998383887708591729e-05
7.835331813289474637e-06
5.997941243566882471e-05
6.773856479971689782e-06
3.347240476098080933e-05
4.631680121789261834e-05
1.383286188190573344e-05
3.182516067818233810e-04
