(0.006758846570564302,-4.505643061812497e-09)
(-3.118653625921429e-06,-6.869351593068133e-06)
(5.669788283308788e-05,4.01690364483979e-06)
(-2.7292475050599487e-06,-5.0148936276197654e-06)
(-0.00011837025143425693,1.123946598197774e-06)
(-0.00016371637124496376,-1.0952843826750402e-07)
(0.00011824432721740695,1.4323508041427292e-06)
(-3.1209350599883963e-06,4.928272531178322e-06)
(-5.664466640796816e-05,3.6869269154460502e-06)
(-3.4391127494078953e-06,6.808927024366608e-06)
(-3.578071426439936e-06,1.8306018101742255e-06)
(1.5154973159063014e-06,-5.111302871110589e-06)
(7.287474319748213e-06,-2.2518222996620298e-05)
(1.1655919016892534e-06,-3.635885134076104e-06)
(-2.6977118525701097e-06,2.8291355622194626e-06)
(3.321620048445921e-06,3.2361248233631897e-06)
(-1.525372759308817e-06,-2.296493306706168e-06)
(7.503373108547089e-06,-3.4164603468149822e-06)
(-5.47721181126942e-06,-3.801257294826107e-06)
(-1.9391440437155755e-06,-1.2499182831547538e-07)
(-5.440013860654354e-05,-5.287394600505106e-05)
(1.2380518441157917e-05,1.214753653000987e-05)
(-0.0007185471116550604,2.721352743126869e-08)
(-1.276361674777645e-05,1.1977689545541624e-05)
(-5.446688332643666e-05,5.2660693319248584e-05)
(1.7470717384016697e-06,-2.809122959004811e-07)
(-5.220365926891013e-06,3.970507083012513e-06)
(-7.590638694141224e-06,-3.611447815464352e-06)
(-1.4499875318213e-06,2.1846037104483095e-06)
(-3.107863669387171e-06,3.1927082659336215e-06)
(-2.7200586404461004e-06,-2.815776406699304e-06)
(-1.086313410963977e-06,-3.637204057855346e-06)
(7.1500684214150835e-06,2.2773055666460228e-05)
(-1.4046046660321492e-06,-5.223891239999988e-06)
(-3.642303110329268e-06,-1.861697101420429e-06)
(-9.145907163213716e-05,2.869742916880297e-05)
(9.68827464259721e-06,1.2697866254653804e-05)
(-2.0575062484677153e-05,8.401782607271763e-06)
(-9.820770765057552e-05,-8.022745036118021e-05)
(-5.48761888061362e-06,2.5706390840149223e-05)
(1.4096061513089763e-05,8.044077726758192e-06)
(-2.5015952331913487e-05,9.402059926683053e-05)
(-0.00014854271183876555,0.0001510070456336597)
(3.057915986363653e-05,2.2242169249047308e-05)
(-4.183472459354248e-05,4.441443471030685e-05)
(-0.0002859536104291068,-7.722614803924801e-05)
(1.265868661170566e-05,5.924654037753959e-05)
(3.857690642140941e-05,3.921800417094758e-07)
(3.561168455036814e-05,0.00020238959223187953)
(-0.00014629914519944092,0.00029551169852255597)
(5.746483136150872e-05,7.479107371420982e-06)
(-4.644850136396497e-05,8.887581335976155e-05)
(-0.00045948048248459374,-1.025524883884981e-05)
(3.9686672689365615e-05,8.508370828732233e-05)
(5.451582722962224e-05,-1.4226331127443227e-05)
(0.00016406243829696556,0.0002846349937073991)
(-0.002802799041099568,0.004968879557545457)
(0.001014450231597009,0.00019732565848666104)
(-0.0008008762867722414,0.0015646662656321698)
(-0.008127026830297524,-6.24948383384357e-08)
(0.000800991063548878,0.001565075907945323)
(0.001014573079161472,-0.00019733207046952015)
(0.0028028583884131346,0.004968873426514875)
(0.0001638423351156351,-0.0002847080514275119)
(-5.4474575566736084e-05,-1.401432281318685e-05)
(3.947508524984583e-05,-8.474382068100785e-05)
(0.0004597218699567619,-1.034301478358113e-05)
(-4.646530758291753e-05,-8.897949736588165e-05)
(-5.766247519423686e-05,7.528882420387498e-06)
(-0.00014624059189334988,-0.0002955355492546446)
(-3.578605570334983e-05,0.00020256142814787235)
(3.846843104106725e-05,-3.748398012559175e-07)
(-1.2512656114513082e-05,5.899216440113923e-05)
(-0.00028595941087756853,7.755977555143193e-05)
(4.144601617992625e-05,4.451953950455336e-05)
(3.0471289411052215e-05,-2.2308627296814774e-05)
(0.00014846256904536332,0.00015074259954050127)
(-2.489327248317256e-05,-9.399304933670638e-05)
(-1.455271060673064e-05,8.262609254670123e-06)
(-5.585597712788157e-06,-2.5902285866994187e-05)
(9.819616497156647e-05,-8.058962460240698e-05)
(-2.0265809980925925e-05,-8.672537306235917e-06)
(-9.256554664570093e-06,1.2246233071481488e-05)
(-9.15799105244241e-05,-2.8863011150804175e-05)
(-6.4104494215225525e-06,3.395219946955352e-05)
(-0.0001596556509081654,-1.614303299334508e-05)
(1.7946735232697645e-05,2.826758323568628e-05)
(4.80752948201992e-05,-2.881268652198579e-06)
(5.664727361090457e-05,0.00013172995097801842)
(3.603294271113866e-05,-2.9516886683276447e-05)
(9.787456293136553e-06,2.9512017091024523e-05)
(-0.00010069092197863257,0.00012335728135517572)
(3.8022317130731976e-05,-3.8250581623236154e-08)
(-2.137100226484896e-05,2.661407538177989e-05)
(-0.00017495560599320423,-5.804684056554694e-05)
(5.079039215881418e-06,3.8484676667012495e-05)
(5.4155566090789e-05,8.324491617007898e-06)
(2.430239340967003e-05,0.0001597557421125156)
(4.938716314421863e-05,-2.841409499496882e-05)
(5.440485098212775e-06,3.633913605151026e-05)
(-0.0001458479959543223,0.00011058501858123846)
(2.9232276106664137e-05,1.601058422735324e-05)
(4.122745647009124e-06,-8.241397885763113e-06)
(3.973712808424047e-05,1.478357381199011e-05)
(-5.1682046137289545e-06,-5.684756826510936e-06)
(-1.0893954087027941e-05,-2.325000682620423e-06)
(-4.3732158356615055e-06,-3.4963531896112364e-05)
(-1.0025151172022842e-05,3.4279442396406137e-07)
(-2.291826894903538e-06,-1.26905701363703e-05)
(3.415748308726764e-05,-3.007219172747849e-05)
(-7.198072479752091e-06,-4.222777369923315e-06)
(5.561095854362037e-05,2.1390901224028012e-05)
(1.2498462166685894e-05,0.00030285208855366683)
(4.559728846034445e-05,-4.218360620992248e-05)
(-1.8445605726728714e-05,-8.637159952623438e-05)
(0.00023992476006892338,-0.00013714146445755035)
(-7.518154195546293e-05,-5.507871436804732e-05)
(5.246027822009641e-05,-3.0086977263053717e-05)
(0.00025774064536695373,0.00015391387786886586)
(6.268974243175009e-06,-5.9218495817099245e-05)
(0.00028891178916127565,0.00043352554005926324)
(-0.0017463567770444396,0.003307424705791839)
(0.0007147211464145612,-7.028934146167849e-05)
(0.00039706420169186506,-0.0010090339574150848)
(0.0033088532152054178,3.119858727888017e-08)
(-0.00039709601696745527,-0.001009091475296738)
(0.00071407008506486,7.028956804574459e-05)
(0.0017465199978976287,0.003307291989569431)
(0.000288790517178575,-0.00043340778655968996)
(-6.279918967371007e-06,-5.913617913425506e-05)
(0.0002578156075824717,-0.00015388089618202373)
(-5.246456471946358e-05,-3.071562069519654e-05)
(-7.587206660585701e-05,5.5478592198069635e-05)
(-0.00023972495436785902,-0.00013730363484522147)
(-1.8154599390775128e-05,8.635144044122089e-05)
(-4.58187611623734e-05,-4.2524810779358305e-05)
(1.2445275524308452e-05,-0.00030270035197196447)
(-5.559475102319814e-05,2.15306240688231e-05)
(-7.187334903480157e-06,4.2738786805452e-06)
(-3.4525435791642273e-05,-3.0173033516314938e-05)
(-2.1226464423493616e-06,1.2338337583143473e-05)
(9.81588236306954e-06,5.987639547961822e-07)
(-4.560901428728169e-06,3.5027764529872084e-05)
(1.0888368825746665e-05,-1.9804243380290834e-06)
(-5.130465578026105e-06,5.560116819639764e-06)
(-3.9967958630074205e-05,1.4862955538601624e-05)
(4.228898832018003e-06,8.154967416023565e-06)
(-2.9264311957526556e-05,1.6082266286658583e-05)
(-0.00014603324587812206,-0.00011051084505713478)
(-5.235417837888638e-06,3.621988418681382e-05)
(4.963438012048488e-05,2.8453616580929363e-05)
(-2.3823523756455265e-05,0.00015918873446539393)
(5.38885643421633e-05,-8.190852956391145e-06)
(-4.979239117486053e-06,3.874548063082351e-05)
(-0.00017492449306396007,5.806633462550453e-05)
(2.148113300407483e-05,2.6619813984331477e-05)
(3.812476589214914e-05,1.9224334462669695e-07)
(0.00010059479019305771,0.00012338759016579612)
(1.0022814349914196e-05,-2.9635246872323528e-05)
(-3.546198882827166e-05,-2.9740438352722152e-05)
(5.699827737762536e-05,-0.0001319021007976924)
(-4.784175704478576e-05,-3.138531682639066e-06)
(1.751070551284091e-05,-2.8426172116035415e-05)
(0.0001596625534347203,-1.6112971094723647e-05)
(-6.3577031234246385e-06,-3.393407836264494e-05)
(-4.82221981164235e-06,4.132203986097844e-06)
(1.494543594777404e-07,-4.748180188213024e-06)
(-3.790039480799632e-07,5.546650677562809e-06)
(-1.3473699883225076e-07,-1.9526139332180396e-06)
(-9.738660821663426e-07,-1.7283005905911247e-07)
(-2.9883884478777897e-06,-1.4013475757527452e-07)
(8.221807325433381e-07,3.916974164016549e-07)
(8.948255003340004e-07,-8.923261795635045e-07)
(2.2675106225747086e-06,1.2733153195546341e-06)
(3.082131284603794e-07,-1.1913039586599347e-06)
(2.174930563898331e-06,-3.69620551061448e-06)
(4.368408313547911e-06,7.703082787885057e-06)
(-2.3698498400045334e-06,3.097288354473427e-06)
(-9.860469581056362e-06,-7.792915947235572e-06)
(5.0393932097709506e-06,3.5004176249721143e-06)
(-2.6631325087467643e-06,-1.6357074514779033e-06)
(4.925589668933878e-06,-4.120737427905573e-06)
(1.5187436945061251e-06,-7.927033540901431e-08)
(-2.1278091966444727e-06,2.865273233585074e-06)
(-3.594639278808661e-07,-3.341655170318166e-06)
(-6.079298030832446e-06,6.735775548041148e-06)
(-1.7608935348157482e-06,5.0796308003718e-06)
(4.734970564669418e-06,-2.912293853045515e-06)
(6.656645915135366e-06,-1.6915073902858424e-06)
(-5.19884356831753e-07,9.300497442171367e-06)
(-2.5748204322510096e-06,2.3219978707608007e-07)
(1.3254725861196694e-06,-5.0469243292508755e-08)
(-6.266264492253673e-06,7.892876999026672e-06)
(2.3798666736925862e-06,-3.493985600080522e-06)
(2.971164190736379e-06,-4.772297793785791e-06)
(1.3146182741788799e-05,-2.558901005002993e-06)
(4.2994490500872974e-08,-1.934216981199105e-06)
(-9.572450474611478e-07,-5.39763666049577e-07)
(4.1576698740413214e-06,7.944691547824558e-06)
(-4.82257690058395e-06,3.042593746202493e-06)
(-1.3130250820037211e-05,-6.837161658490543e-06)
(-2.8072405766759444e-06,-4.574326882518137e-08)
(4.052623029727551e-07,7.810123067349022e-07)
(-3.869596632753869e-07,-1.1982105865666717e-06)
(-2.057257994041917e-06,-2.144262713780079e-06)
(3.7709386845474695e-06,-1.3087205780609124e-06)
(-1.0385651144133929e-05,1.5237121381364336e-06)
(1.4611900368973752e-06,-1.487143944067007e-06)
(2.2008809358940394e-06,-1.951990184487061e-06)
(-1.4533093477495814e-05,-5.110025302766075e-07)
(-1.2513176749833669e-06,-1.747451099419472e-06)
(5.067902185435746e-06,-3.1406506405366775e-05)
(-1.4757940399302152e-05,-1.1541771626736106e-06)
(-3.674067390699279e-06,-1.7272225559009453e-07)
(2.757931726141192e-05,-5.415174408394608e-06)
(1.6400867070262613e-06,2.1249234854536676e-06)
(-7.707154430020032e-06,4.698272436885584e-06)
(-2.915424359397275e-05,-2.4658282256419274e-05)
(-2.141237045727268e-06,1.383202790116233e-07)
(-7.653521097765387e-07,-2.2029192034460154e-06)
(-0.00012424249846211202,-0.0001046981517360508)
(-2.4574937002390207e-05,-2.6844068169872117e-05)
(3.20682736666754e-05,-0.00021381390707777594)
(-5.178611078208711e-05,8.035024904524002e-06)
(1.0200931715440286e-05,1.0137303371377938e-06)
(0.00015900592476853485,1.0110170150738629e-08)
(-1.027757063911879e-05,8.278899079588926e-07)
(-5.173153923771735e-05,-8.114408163587305e-06)
(-3.195972543513626e-05,-0.00021381730216960145)
(-2.4552113232986045e-05,2.675701366186202e-05)
(0.0001245251649999334,-0.00010484314072301148)
(-8.636418567410677e-07,2.2794542811439943e-06)
(2.095608068812858e-06,1.1251846450291912e-07)
(-2.922338262085995e-05,2.4774938662436092e-05)
(7.548891583688079e-06,4.601415004517282e-06)
(1.5893749130072704e-06,-1.936067951009199e-06)
(-2.7769551679734564e-05,-5.450582712278273e-06)
(-3.614703970795965e-06,1.1191380192688129e-07)
(1.4509564046762162e-05,-9.54037182793632e-07)
(4.9766453117329085e-06,3.117248641480269e-05)
(1.21842148906832e-06,-1.5687187047852046e-06)
(-1.4235079593268647e-05,7.397637735138628e-07)
(-1.8910519680134926e-06,-2.3534995178619715e-06)
(1.485452804120104e-06,1.4532750198197617e-06)
(1.0363900677567942e-05,1.4383216862216939e-06)
(3.925617805328076e-06,1.3084421087586416e-06)
(1.6252442533388441e-06,-2.1039575606763383e-06)
(-2.674143772256169e-07,1.1145590573619485e-06)
(-5.690791489593328e-07,7.75011682793566e-07)
(-3.0440661091870405e-06,-1.3206724520839494e-07)
(1.3263477959753354e-05,-6.895530163060335e-06)
(-4.793587792789149e-06,-3.0172504063581478e-06)
(-4.073172812222073e-06,8.035615460291924e-06)
(-8.361083716015835e-07,3.7775925337406924e-07)
(1.0916397950647323e-07,-1.591352363273119e-06)
(1.3224643167696897e-05,2.6635369534256024e-06)
(-3.0818393105694873e-06,-4.921182750945819e-06)
(2.321208365237327e-06,3.36296044692973e-06)
(6.686962021132388e-06,7.737837097711886e-06)
(1.3921309345046956e-06,2.8120569689006716e-07)
(2.8690680886253077e-06,3.993484676372905e-07)
(-5.155913845065688e-07,-9.181476275947398e-06)
(-7.134619301103658e-06,-1.6518654958049489e-06)
(4.970752369151832e-06,2.8225470077167203e-06)
(1.958739101249369e-06,5.1000271694149446e-06)
(-5.936395963431045e-06,-6.605606966047229e-06)
(2.9738447722631325e-07,-3.122761664206655e-06)
(-2.3637606327888033e-06,-2.9099777785576413e-06)
(-1.7864676842729524e-06,-3.365026163753101e-07)
(4.666932978496752e-06,3.98064642737535e-06)
(2.5492523356601354e-06,-1.5026209720548128e-06)
(4.846086980525555e-06,-3.627043768407392e-06)
(1.0143213073641777e-05,-8.094434695127324e-06)
(-2.55496186224286e-06,-2.880724589041383e-06)
(-4.451884297348396e-06,7.88522394769495e-06)
(2.0059000871429602e-06,3.6297666705503435e-06)
(-5.112043066948479e-07,-9.786984221315032e-07)
(2.1746952627606217e-06,-1.4271190264871994e-06)
(-8.091314257490136e-07,-1.2144608766547395e-06)
(8.940730356369012e-07,-3.4900650453199243e-07)
(3.363280546587419e-06,-1.4550072270102733e-07)
(-1.1603075183609854e-06,1.1252081047230057e-07)
(2.010324594586196e-07,-2.018317864942139e-06)
(-4.4487236460618663e-07,-5.484786269849792e-06)
(-6.44105652950208e-08,-4.82755106647862e-06)
(-4.9069138304616905e-06,-3.966738066235373e-06)
(-2.0874297607904937e-05,-1.6166779513341133e-06)
(-1.7546142583439406e-06,6.794527817997678e-06)
(-2.959927760890657e-06,-5.927299705359941e-06)
(-1.0429182182063971e-05,-1.610364334179091e-05)
(-6.249557833735669e-06,2.644647743951038e-06)
(-4.068138981584505e-06,-1.1127851380147589e-05)
(1.1259129104805294e-05,-2.3226663769520587e-05)
(-1.0525297251320668e-05,-8.05123091607683e-07)
(-2.4895771001588972e-06,7.656793505240345e-06)
(-1.714754638104453e-05,-8.556933512527542e-07)
(2.8583342466400034e-06,5.150340713918656e-06)
(5.227247297608068e-06,-8.204342032908261e-07)
(6.682835965739769e-06,2.252231664889957e-05)
(-4.3712510863208904e-05,-1.8836461565923466e-05)
(-7.304275331285343e-06,1.3321038577530927e-05)
(-1.231892350380998e-05,-1.0518278261336883e-05)
(1.7796413683687365e-06,-3.673272864836454e-05)
(-2.1839544134517184e-05,1.618607544725207e-06)
(1.912848596796933e-06,-2.3484670401007458e-05)
(4.980173515555226e-05,-2.770196827252624e-05)
(-2.0099167098410472e-05,-1.3763990524146212e-05)
(-1.5881061697162542e-05,1.3230143203619663e-05)
(-3.313594161817572e-05,-2.5179823568371073e-05)
(-2.5373264149072436e-06,1.3195635614553413e-05)
(8.713835567231819e-06,9.433357240425002e-06)
(-7.079973587839265e-06,4.8546798301073154e-05)
(1.4123058248988009e-05,1.3018109508771742e-05)
(6.618222767462922e-06,6.495789224023343e-07)
(-3.60282773003197e-06,2.44056517065645e-06)
(-8.774219111966904e-06,7.024544304162325e-06)
(1.3908864759143648e-05,1.0683478053918022e-06)
(-3.738875850592231e-06,3.089929935904394e-06)
(-1.385385911471246e-05,4.32240515282009e-06)
(6.962077244055128e-06,4.876235990399928e-06)
(9.836589520851628e-06,-6.017582480055357e-06)
(1.6212524195308124e-09,1.3512383314509198e-05)
(7.433949781658404e-06,-9.74227918048723e-06)
(3.1030306434024483e-06,-1.218919406713613e-05)
(2.6529863934924115e-06,-1.3132515283121667e-05)
(4.036361149559397e-06,-2.5243319110654634e-05)
(-4.111279486243658e-06,2.241469425230267e-06)
(3.310114882690677e-06,-7.993693947895449e-06)
(1.2395910043033482e-05,-1.2238413161697985e-05)
(-7.810968022808532e-06,-6.829850690285042e-06)
(1.5635682937750007e-05,-4.286746040179414e-06)
(2.064167670446147e-05,2.486815557814865e-05)
(6.357257158321859e-06,-1.6835264676052438e-05)
(-7.806521823794862e-06,-7.401240784779197e-06)
(8.782123719443363e-06,-2.602588326093449e-05)
(-6.607882458958195e-06,-3.497710815534286e-07)
(8.447416850107104e-07,5.838091465864585e-06)
(-2.4622175632016325e-05,8.744251398054668e-06)
(-4.5774723282377945e-05,4.039705692035662e-06)
(1.5162573708122147e-06,1.3980833807936666e-05)
(-1.429384944937429e-05,7.584376344480387e-06)
(-1.7614887287963444e-05,-2.9458769837146333e-05)
(-1.4873576276841355e-05,3.9203457703277545e-06)
(-1.172449615196853e-05,-1.870068781648532e-05)
(2.3327027517678517e-05,-3.975517272462331e-05)
(-1.9354153347574027e-05,4.5724726847816893e-07)
(-3.749833408641992e-06,2.3864548987143967e-05)
(-4.0479900520040654e-05,3.1399825883903697e-07)
(7.94819079570118e-06,6.274217942080522e-06)
(1.2138929201053183e-05,-4.745902619476049e-06)
(1.9155958314097645e-05,3.645471931875572e-05)
(-0.00021415554080708542,-6.702249013284044e-05)
(-4.9653418869502696e-06,5.6458842511850535e-05)
(-6.191365809762066e-05,-2.4696167444773452e-05)
(-3.304805253839913e-05,-0.00019271501377695043)
(-8.596295109842733e-05,4.062063170162171e-05)
(-1.9904548289489526e-05,-0.00011001924172145032)
(0.00021139597703761888,-0.0001687159330770036)
(-0.00010533791155512831,-3.8477723988350395e-05)
(-5.1078087860751296e-05,8.068104495605409e-05)
(-0.0001822017959252616,-8.430817673150875e-05)
(3.3743171936222046e-06,5.95721585961784e-05)
(4.899517415510132e-05,4.189972585279125e-06)
(1.2159614955847163e-05,0.0002265670317723498)
(-0.0007581227767760219,-0.0011488368072343675)
(-0.00018031055635175946,0.00025853190603276557)
(-0.0002481559656661938,-0.0003435567568533072)
(0.00046815602780040283,-0.0008790924913650896)
(-0.0004909317783315055,-0.00012793733145742976)
(0.00031645192463415834,-0.0004884060266097709)
(0.0013862948242563378,-9.862358095309585e-08)
(-0.0003163274743301971,-0.0004886312918670023)
(-0.0004907565384326094,0.00012813441039003203)
(-0.00046831529889065926,-0.000879479446267848)
(-0.0002484241355928372,0.0003433525856927608)
(0.0001802232745090655,0.0002585312978797595)
(-0.0007583149221148418,0.001148857674478538)
(-1.2084719719559273e-05,0.00022659286576900978)
(4.9087362423643023e-05,-4.485176585193533e-06)
(-3.1177639119667696e-06,5.989141221109097e-05)
(-0.0001820552940267249,8.47264696698615e-05)
(5.102852198112504e-05,8.081662631303829e-05)
(-0.00010529859893446444,3.865218511438022e-05)
(-0.0002115260749102882,-0.0001688686392998213)
(-2.0228384736124697e-05,0.00010989709057529204)
(8.593102433226462e-05,4.039580651762568e-05)
(-3.283957238809537e-05,0.00019291384343876977)
(6.175414621082052e-05,-2.4676746415250533e-05)
(-4.846627528669765e-06,-5.620349383706254e-05)
(0.00021410561539461496,-6.729307846630322e-05)
(1.8983865321537495e-05,-3.629768404938477e-05)
(-1.2163771979931852e-05,-4.882617178860406e-06)
(7.583022622300586e-06,-6.463702521047161e-06)
(4.045191770352112e-05,5.395251603386852e-07)
(-3.784368368656572e-06,-2.3660351408645642e-05)
(1.9051481111108805e-05,4.998771819899674e-07)
(2.3400701941213545e-05,3.9732040334149755e-05)
(1.1750530512608987e-05,-1.8733856740168946e-05)
(-1.4847213010308258e-05,-4.018105538429151e-06)
(1.7567382988043528e-05,-2.9221691381909426e-05)
(-1.454599491172161e-05,-7.64829683114406e-06)
(-1.3112809908332974e-06,1.3488791507187683e-05)
(-4.562595358174743e-05,-4.226698086574726e-06)
(2.471276348838215e-05,8.749390564833039e-06)
(7.916259965661677e-07,-5.969642167124584e-06)
(6.609441988123292e-06,-4.0953563579109504e-07)
(8.771805866451659e-06,2.624973909366513e-05)
(7.858740789788408e-06,-7.489184105671081e-06)
(6.199262205051734e-06,1.6430796279810667e-05)
(-2.0646713012337274e-05,2.5131394602133237e-05)
(1.542622116535394e-05,4.3645579575847885e-06)
(7.599476156476808e-06,-6.827554862510213e-06)
(1.2557533851712135e-05,1.2373577236840497e-05)
(-3.5148835427112305e-06,-7.848575598050336e-06)
(-4.380810100670711e-06,-2.2144351971037023e-06)
(-3.908798277466222e-06,-2.5144943127249917e-05)
(2.9520340817822313e-06,1.3231508450174783e-05)
(-3.2703977678473257e-06,-1.2612121944429854e-05)
(7.4964892905826765e-06,9.679527728956685e-06)
(8.165595229960983e-08,1.3709726932908977e-05)
(9.703550519697634e-06,5.590731509436529e-06)
(-6.647167050259091e-06,4.4702048651407e-06)
(-1.3016852757853544e-05,-4.5049317874807124e-06)
(3.980871084964251e-06,2.975291929754525e-06)
(1.3863621042922517e-05,-7.965263953333546e-07)
(8.334778912635407e-06,7.2670570358801066e-06)
(-3.76124285328384e-06,-2.5436230721362448e-06)
(-6.858461063659535e-06,6.970603559062029e-07)
(1.4038447860428285e-05,-1.2830014164336227e-05)
(7.09266162006641e-06,4.884984406158077e-05)
(8.716938736502464e-06,-9.197166778218325e-06)
(2.433199222638748e-06,1.3162153149864025e-05)
(-3.317882458853548e-05,2.5571535360447488e-05)
(1.5878636610983726e-05,1.3375008445007395e-05)
(-2.0399813547265978e-05,1.4182187928120915e-05)
(-4.964293633031357e-05,-2.7300997389411814e-05)
(1.8476292617428717e-06,2.3208484340037846e-05)
(2.2022875125467383e-05,1.8739623774246631e-06)
(1.4007966260537972e-06,3.686759167007275e-05)
(1.2032207987499735e-05,-1.0474394964297326e-05)
(-7.665463049570056e-06,-1.3490801811810851e-05)
(4.3675742958016375e-05,-1.8844010404899952e-05)
(6.662977741409027e-06,-2.276593361387055e-05)
(-5.326517579613552e-06,-9.608601268299089e-07)
(2.934525108092254e-06,-5.110652817709287e-06)
(1.698406021318307e-05,-8.568854767034139e-07)
(-2.6164571949507083e-06,-7.717398991277386e-06)
(1.0555739437091836e-05,-1.0680815564103707e-06)
(1.1328233379305748e-05,2.3217282936641714e-05)
(3.827748258721398e-06,-1.0889827503998926e-05)
(-6.307200136776519e-06,-2.682402129742199e-06)
(1.0123444252574871e-05,-1.612110639998476e-05)
(-3.0335149615281634e-06,6.098850493681119e-06)
(1.6732785629800797e-06,6.381549273232138e-06)
(-2.0883161213227046e-05,1.4639359552114363e-06)
(-3.354163457345041e-05,5.181274251714989e-06)
(2.041761364035824e-06,-3.333941842551091e-06)
(-2.855014667164796e-06,-1.966866430439996e-06)
(5.705036548348954e-06,-4.865389050420135e-06)
(4.18275601564593e-06,-7.847673924338037e-06)
(3.843090458945842e-06,-4.7742918383421086e-06)
(6.586798515487727e-06,6.223905138149592e-07)
(-3.944314135808756e-06,7.973097228458525e-07)
(2.756720727037653e-06,2.1394051574112063e-06)
(4.5802702555779426e-07,-1.2144831840064408e-06)
(-1.5507854857115113e-06,-1.8228958178048953e-06)
(-4.0370682428093407e-07,1.0867188720498864e-06)
(1.7592675099659551e-06,1.3086484117959937e-06)
(-1.5514629924975733e-06,5.978336891332129e-06)
(-1.7957844031492854e-06,4.3463763855701605e-07)
(-2.7683541192339382e-05,-7.546544401785357e-06)
(-8.06894996734287e-06,-6.095791764787237e-06)
(-6.434694270283121e-06,7.620627864630255e-06)
(2.977254969507526e-06,-1.671514801909574e-06)
(2.0363710605290866e-06,1.186526204697603e-06)
(-5.985054019899988e-07,-3.5979906357067737e-06)
(-4.876884218815172e-06,2.034901793504955e-06)
(-1.1222131385774929e-05,-8.881553164833646e-06)
(-1.4661161138499986e-06,4.587071103416307e-06)
(-7.450552502091256e-07,-2.116957696624985e-06)
(-1.0815852513675631e-07,-6.648395652937371e-06)
(-1.7326145510185154e-06,8.110777003711479e-07)
(8.44893841012949e-07,3.703863650525488e-06)
(-6.771193341826049e-06,-7.908423538531984e-08)
(-8.680014845476253e-06,3.689648069592059e-05)
(-2.3835062417217808e-07,3.988496940313284e-06)
(9.17211992683645e-06,2.2802251783336576e-06)
(-7.207905451358812e-06,-7.147079344599527e-06)
(1.7070927449456594e-06,-4.430296596934348e-07)
(4.016022678181917e-06,9.397429841534641e-06)
(-1.1933916531111457e-06,-5.709988085544058e-06)
(-2.386397321484177e-06,-3.3366664224117386e-06)
(5.099030317278876e-06,-1.2256824494224619e-05)
(-9.290147585654283e-06,-1.5573112592771386e-06)
(2.803398622182923e-07,-1.046957709706434e-06)
(4.582417819922211e-06,-7.640751417361283e-07)
(-2.15824132786943e-06,-1.950782537380032e-06)
(-1.1129548402521285e-06,-4.1073872875313565e-06)
(-5.069937975890791e-06,-1.0740593114129837e-05)
(6.736244609516374e-07,2.527341821452754e-06)
(-4.780398183456225e-06,5.747021329983058e-06)
(4.086076922842457e-06,-5.010971278608072e-06)
(-1.0002779226392496e-06,4.83714063030325e-06)
(-8.8821469249951e-06,-7.732658538558953e-06)
(4.172993762550499e-06,-2.746595357213499e-06)
(6.725936810694313e-06,1.1713145746886156e-06)
(-1.9146575627402036e-05,4.607004227405809e-06)
(-4.155981448109532e-06,-1.2296735827536512e-05)
(-1.9396042927350424e-06,1.5119302785352863e-05)
(-2.8127316374636083e-06,3.116044601848883e-06)
(1.5119382418683216e-05,-1.535780622667398e-05)
(-7.126472994294757e-06,4.557551688538932e-06)
(-9.707227000134375e-06,1.5690553262256325e-05)
(-1.7800497410922468e-05,1.7966212596139098e-06)
(6.240779576684951e-06,1.1243157772736866e-06)
(8.351588831396674e-06,-1.1032855537436075e-05)
(1.9151020800318516e-05,-9.322008852934844e-06)
(-3.890187448552258e-06,-2.8026532622100052e-08)
(1.5828125521757715e-06,-5.439309232413513e-07)
(5.079720017879606e-07,3.568916729732355e-06)
(1.0401426929660102e-06,-5.005332346032076e-06)
(-8.709345945225043e-06,-6.043382114602946e-06)
(-4.712629588564861e-06,-1.2157928872323973e-05)
(-1.363195385568458e-05,6.9381789553126194e-06)
(-1.5440744449425488e-06,-1.514929107558597e-06)
(1.3517009708430064e-05,-1.013347150341153e-05)
(-8.003805024023648e-08,-3.1710892463017743e-06)
(-3.0560462599778536e-06,2.0402477441162874e-06)
(-1.442392854287631e-05,-1.0754972277060677e-05)
(-3.7636910354070576e-07,4.55877066899003e-06)
(-2.3543662480302036e-05,1.8049869087829605e-05)
(-4.942465428677193e-05,1.596910040369919e-05)
(5.1362833054962835e-06,1.119820862521334e-05)
(-9.49127914461611e-06,6.587127176523683e-06)
(-1.5184425111897541e-05,-1.1458523577617517e-05)
(1.6955374214623877e-06,1.299228867855786e-06)
(2.413621962335479e-05,1.4985708776261828e-05)
(-1.3111845256115372e-05,5.838535237896209e-05)
(2.813302423913759e-05,-3.338616297522578e-06)
(-2.3173439940575685e-06,9.570277205901183e-06)
(-2.160718230623936e-05,3.6501770825594253e-06)
(6.480558995770861e-06,-4.083820955164482e-08)
(1.897775720284583e-05,-1.0540172447589095e-05)
(3.374644413041685e-05,3.3628245581040804e-05)
(-4.723107019701932e-05,0.0001214888711939102)
(0.0010400003785837313,0.0004581969809063333)
(-0.00016026480503742203,-4.716983553112091e-05)
(9.091546892633947e-06,5.936430509676414e-05)
(-2.815433268594567e-05,-2.3104745758193305e-05)
(-1.3229084841262291e-05,-7.866039586227461e-05)
(4.663356248108706e-06,3.079032482165284e-05)
(3.1606109515920206e-05,0.00010509773487956138)
(-0.0001554261532330805,0.00011891804735001127)
(9.788108703329715e-05,4.671374932573411e-05)
(-1.547579630512885e-05,2.5971264037601175e-06)
(-7.212105580923127e-05,-2.4732775714648172e-05)
(8.11707341815501e-06,2.4602670750464204e-05)
(4.9209181345857834e-05,6.009034169283217e-06)
(1.2072621341873386e-05,0.00016597539893921083)
(3.43393828874432e-05,4.936328100931875e-05)
(0.0052618001377393855,0.012946023063986397)
(-0.0004126904946542412,-0.0005807871270875919)
(-0.0002035069324574877,0.0001163995245348752)
(-2.587143271488699e-05,-9.629230704302426e-05)
(0.00011720756279204402,-0.00029482729471888656)
(-3.948103444069846e-05,7.973667417948636e-05)
(-0.00016146125180381633,0.0004203630332645295)
(-0.000793342115877905,1.0973865930932265e-07)
(0.00016152361486749552,0.0004202211393224777)
(-3.9222613338693586e-05,-7.999630000004816e-05)
(-0.00011697499740266547,-0.00029498970517663817)
(-2.5921655003105094e-05,9.628135716554841e-05)
(0.00020373283645513596,0.00011627116692622615)
(-0.0004126099940479589,0.0005812452142402621)
(-0.005187225228467079,0.01296908541609733)
(2.7187213966911892e-05,-4.4042496768633895e-05)
(-1.2171464421718006e-05,0.00016618639948804214)
(4.9658237764555045e-05,-6.2081431596657004e-06)
(-8.701806723761903e-06,2.4796359360847775e-05)
(-7.205918300721857e-05,2.4906536204335692e-05)
(1.57511813825998e-05,2.5138886171388447e-06)
(9.812109421816828e-05,-4.675041599740292e-05)
(0.0001554512094721778,0.00011889026312629058)
(3.158774704824462e-05,-0.0001049177662603647)
(-4.105218508564668e-06,3.0823631004163206e-05)
(-1.3554930622592752e-05,7.838636547185451e-05)
(2.8018494785295477e-05,-2.2703503171264084e-05)
(9.090807698569029e-06,-5.941514519191844e-05)
(0.0001606294551644828,-4.725285190740329e-05)
(0.0009920774848152696,-0.0004420388022127593)
(4.3673069470977514e-05,0.00011815587105053996)
(3.362033772623291e-05,-3.366351072470088e-05)
(-1.9000702796172696e-05,-1.0457578670489932e-05)
(6.4464995544602784e-06,-1.8612746741773845e-07)
(2.190602211587919e-05,3.946060258119813e-06)
(-2.123442357124326e-06,-9.607263075514618e-06)
(-2.832385634620162e-05,-3.1033100454259203e-06)
(-1.3186597021304678e-05,-5.845386305677037e-05)
(-2.403420030982111e-05,1.4825627623848192e-05)
(1.3950299993927792e-06,-1.466286390711878e-06)
(1.539133651180984e-05,-1.1512036866580814e-05)
(-9.378149353911245e-06,-6.855940244401464e-06)
(-5.397846011891066e-06,1.1496121337419971e-05)
(-4.909256079802962e-05,-1.584243877593423e-05)
(2.197705692498985e-05,2.132207062060097e-05)
(-2.798913150347254e-07,-4.512606497762275e-06)
(1.4284128715639136e-05,-1.0389929520361724e-05)
(-3.0109511722100726e-06,-1.920659547558641e-06)
(-2.1625194883129327e-07,-3.2489768700748107e-06)
(1.3422093591627146e-05,9.779736072795532e-06)
(1.5332679695021757e-06,-1.4184828880049495e-06)
(-1.39385101382676e-05,-7.1944124067570344e-06)
(4.830342356558628e-06,-1.2009542757601004e-05)
(-8.921028486125024e-06,5.654364497754667e-06)
(-9.389562438754404e-07,-5.264516835833882e-06)
(3.958226829934244e-07,-3.294569327231868e-06)
(-1.8014616639271567e-06,-4.657037319205456e-07)
(-4.03362777879372e-06,2.327467350574098e-07)
(-1.886021984244304e-05,-9.249735545658313e-06)
(8.032189503947867e-06,1.154619494948553e-05)
(-6.233582698555928e-06,1.3415969403450602e-06)
(-1.813977162184971e-05,-1.6775555207578267e-06)
(9.702526505297044e-06,1.6069363088102473e-05)
(-6.794564093990056e-06,-4.514743449534185e-06)
(-1.4808604466686836e-05,-1.5325897508472418e-05)
(-2.736733808749833e-06,-2.870969291624005e-06)
(2.190208059444176e-06,1.4771799350650902e-05)
(-4.3134344609961515e-06,1.2496243276556811e-05)
(1.8962252848662437e-05,4.602509276110676e-06)
(6.734960479302438e-06,-1.0421435102966138e-06)
(-3.7675593142531897e-06,-2.5993248899897082e-06)
(-9.007257520508956e-06,7.500251650603748e-06)
(8.590598698571649e-07,4.815249061047514e-06)
(4.0774975941020275e-06,5.13982909074626e-06)
(4.944894468259335e-06,5.803657840138664e-06)
(8.216702248945297e-07,-2.6892632492979767e-06)
(5.010169475917301e-06,-1.0892915812887196e-05)
(-9.100410577056529e-07,4.364356024213028e-06)
(2.145806532136873e-06,-2.0130500748072044e-06)
(4.477644323966476e-06,7.437260274321882e-07)
(9.595189745208322e-08,-1.2812919881137807e-06)
(-9.14887964288617e-06,1.6657859529614337e-06)
(-4.824677748792963e-06,-1.1960412653866707e-05)
(-2.560313801738866e-06,3.975405950657605e-06)
(1.3934679986181302e-06,-5.947498061132997e-06)
(4.4854957666172886e-06,-8.925028662642962e-06)
(-1.908584435164954e-06,-4.993983202438721e-07)
(-7.412249137959888e-06,7.030418463394316e-06)
(-8.96638084402584e-06,1.989721670487215e-06)
(-4.931409874368277e-07,-3.7807224463469993e-06)
(8.629447007174672e-06,3.688896749348507e-05)
(-7.011953680789224e-06,1.6427447837598884e-07)
(-8.857660047610987e-07,3.833116826469861e-06)
(-1.71730001877078e-06,-9.890064529676766e-07)
(-1.6378866215802668e-08,-6.341832874419248e-06)
(-4.668329368006661e-07,2.133681798455348e-06)
(1.0861989154223396e-06,4.584599191633159e-06)
(-1.1397693806360362e-05,8.481723338331192e-06)
(4.906888362626616e-06,2.2702977993954257e-06)
(-8.307714931340724e-07,3.382288061580506e-06)
(-2.0326965666898364e-06,8.885559907760817e-07)
(2.6466016425669336e-06,1.6095436872910848e-06)
(6.587399450378961e-06,7.968371166029099e-06)
(-8.351255804871858e-06,6.41961638142561e-06)
(2.738518586596316e-05,-7.58420044727831e-06)
(-1.0678942879818447e-06,-8.12587261274115e-07)
(1.417860705341118e-06,6.047332188726114e-06)
(1.8550917983346849e-06,-1.2824277016713598e-06)
(3.2192716963664576e-07,9.773958908148614e-07)
(-1.5870235521121214e-06,1.3658882218461288e-06)
(-5.268367558443076e-07,-1.0870228910229576e-06)
(2.655549833660421e-06,-1.8437254532306356e-06)
(3.861497257421917e-06,8.372223094387454e-07)
(6.663468630775331e-06,-4.900963133459158e-07)
(-4.109839684670628e-06,-4.829946352167326e-06)
(4.288966189967176e-06,7.478629719614058e-06)
(-5.094733892385166e-06,-5.0220785283258415e-06)
(-3.0350474076331676e-06,1.933169673778973e-06)
(-2.17674865859285e-06,-3.5914736313419425e-06)
(-3.336543628803298e-05,-5.316461997835584e-06)
(-4.910908446051614e-05,9.14319896657411e-06)
(-1.2430224148375923e-06,1.0941447263963309e-05)
(7.649039763722643e-06,1.6792260166658455e-06)
(4.189584020611038e-06,-1.168761164502813e-06)
(1.4612315093432562e-05,3.0306813843340015e-06)
(-8811453.344169673,5555294.15719974)
(3236657.202014831,-2471354.2382469513)
(-13349667.127256662,-45873458.09599964)
(33977358.588324785,22546176.587843083)
(-16313685.01128692,13763181.450469956)
(-18106670.25622262,-10633392.372819252)
(11674057.513891034,-841232.5372578502)
(-4.898692274424948e-07,7.158940845138385e-07)
(7.506755889425444e-06,-1.0914953780157691e-05)
(-1.4310325961326538e-05,2.707556070977418e-05)
(7.488942558607465e-06,-5.14580824554132e-05)
(-1.903275613098919e-05,-3.782529336015478e-05)
(-1.5042090773021853e-05,-4.253217648016046e-05)
(1.0564422111232298e-06,3.4596584857764024e-06)
(1.2666164988137913e-06,6.670615369421106e-06)
(-8.18137454979465e-06,2.2480983979597423e-06)
(2.4673443289348897e-06,1.3684560059248294e-06)
(-9.188997025798318e-06,-3.9603685780751735e-07)
(5747961.352826089,-41946063.78249088)
(61005497.53882629,-96637526.35248911)
(165701516.18414533,80612409.25008607)
(-20071566.601096455,12618225.66409126)
(-18124874.7330954,21403950.64620459)
(1.3678810593058628e-06,-5.076027986712757e-06)
(5.895316007297437e-07,8.410846460921162e-07)
(-6.544080495248984e-07,-7.84245242926032e-07)
(-5.822245970259227e-07,-2.3612377310992796e-06)
(-4.6325496841316953e-07,1.1635071175918196e-06)
(4.979765577180163e-06,-2.8057682751180576e-05)
(2.391907656101725e-05,5.0006888108515325e-06)
(-2.4776127507821435e-05,-1.1493906219231749e-05)
(-9.870836409875671e-06,-1.9874464267078674e-06)
(6.3700232427947e-07,-2.7687535396458154e-07)
(3.1526791044363616e-06,-2.23684607400815e-06)
(-7688580.911602169,-37434733.58589591)
(21727334.138493627,-5969915.462003574)
(11183236.184529662,-165359652.03396523)
(99027360.04452494,-124525606.62676907)
(-8701267.660293669,51267081.76630363)
(-14411303.286937565,-21237361.10297051)
(-27399017.46491745,-21994652.16241754)
(-9.352391423021767e-07,8.933080587160567e-08)
(4.0919066961778165e-07,-3.6409790710993383e-07)
(-3.5869554337113977e-06,5.423038326923753e-06)
(1.116585754223551e-05,-2.9373800273710437e-05)
(1.2942752962437716e-05,2.55617821978317e-06)
(-4.935198464751777e-07,4.745549355297214e-06)
(-8.093510687714795e-07,7.452329661049037e-06)
(1.9036673955405198e-06,7.63514237016413e-07)
(-6.0968388377792415e-06,-3.585687679814452e-06)
(-2.1706091245825656e-07,1.9337703329663777e-06)
(1.5649161640314874e-05,9.609417587537597e-06)
(-18016553.232584454,21109354.76927781)
(-140963697.4413613,99707611.06806171)
(-58528998.99205899,-13550757.16354382)
(77308538.9040432,-44643324.28904116)
(19900712.83033064,188455.82964637876)
(2.951821978648285e-06,-4.719962273858431e-06)
(-2.172268424881932e-06,-1.21020396463968e-06)
(-4.798038354644531e-06,5.181331378188565e-06)
(-1.0668856280678616e-07,-1.7434765334184543e-07)
(2.8810688768158363e-08,-1.8713093188017676e-07)
(2.7348408153032378e-06,-1.812839707241561e-06)
(1.0729418197717719e-05,2.5544316944677383e-05)
(1.5771463499108476e-06,1.159145954659954e-05)
(1.9909125620953966e-06,1.2991887173529559e-05)
(-2.5899763842328338e-06,-4.443705281748867e-07)
(-7.692678906763842e-06,-3.826962584036161e-06)
(19847357.493143164,-12513021.951166347)
(-2455052.011316644,2622876.323332146)
(37205958.97959596,94094403.96101728)
(-2215511.7605556697,11260506.326531447)
(11876325.167809993,-66506289.06653851)
(22066695.94776231,12569062.90810129)
(-26295230.062894285,1894834.1720429212)
(5.949543450232023e-06,-9.078534453583261e-07)
(1.1289647657405833e-05,-1.307021666117223e-05)
(5.924122545539281e-06,-6.516352463606549e-06)
(-1.4129873116936555e-06,2.3321212876445293e-06)
(-8.461016051958176e-06,1.5897189491500362e-05)
(1.7996403026942618e-05,4.562460278271086e-05)
(1.4287308814048911e-05,3.789407297198671e-06)
(9.199829826698043e-06,-1.656044812900682e-06)
(2.41690944870419e-06,3.6467919963944943e-07)
(-6.260821579469921e-06,3.478189755157245e-06)
(-5.15865174601937e-06,-1.246885769995276e-06)
(6868160.279463202,41249154.86415714)
(-78995720.2389713,113564199.31214774)
(-216986604.9560442,-97332011.63719684)
(27589704.832392693,-10992725.839649975)
(28916795.77574161,-19507831.295429766)
(-2.475993861726901e-06,2.1196521911502722e-06)
(4.2387069696580285e-06,-1.737661638903144e-06)
(2.056178474539612e-06,-2.968238594145518e-06)
(8.236902135301205e-07,-2.784424949570845e-06)
(-1.5063439585543812e-06,1.940059697173857e-06)
(-6.826798751006369e-06,1.8124612111509555e-05)
(-0.0005936581957197643,0.0001708712204344791)
(3.2414897950989096e-05,1.2397432460287968e-05)
(-1.4568514348701255e-05,9.21715551947415e-06)
(1.5427938436384215e-06,-9.452777252497634e-07)
(4.432899778558719e-06,-5.447157511090156e-06)
(5690843.729750156,27708002.47162132)
(-19721291.074821763,5418724.624374568)
(-7581773.903306186,107372080.16992158)
(-64085513.67068294,79817324.35986918)
(5984197.755151823,-31070689.13802257)
(13080735.311471015,19276556.309362292)
(20279883.70468974,16279743.919632547)
(-3.856224357788975e-06,-7.330158371557819e-06)
(5.338216499754143e-06,-4.760574856931579e-06)
(8.979699139391193e-06,1.6883764729962331e-06)
(-6.228602049467144e-05,0.0001541087488324647)
(-0.00032337955502777227,-8.088100861002281e-05)
(0.0011750085709037413,0.001157524029955754)
(-0.0006020713809944946,-0.00023206156374713652)
(-3.0927743732774325e-05,-9.352920568736803e-06)
(1.188002416865244e-05,6.431032226698242e-06)
(1.9167082577737862e-05,-5.898062329092005e-06)
(1.805250811955337e-06,3.265590783923615e-05)
(5792025.5367782675,-7320318.680370651)
(56365736.92937386,-25473177.43729621)
(29038021.178415254,-2939508.90213345)
(-30506244.795911662,20183005.14895338)
(-5172410.731485128,-814892.5663463064)
(3.989103389368015e-05,1.831448093073504e-05)
(4.53022687129751e-06,-1.9424023510033603e-05)
(3.1715030826331825e-06,3.2787590673845294e-06)
(3.1457799841062732e-06,2.2193795446799052e-05)
(8.910561897042823e-06,3.290962285029515e-05)
(0.0003749555039572123,-0.00025616828156331653)
(0.004628928492099501,-0.048472962228722154)
(-3.841470976831069e-05,-5.0310752825364945e-06)
(-0.00012555844026227562,-0.00019630133187936288)
(-4.045329285036353e-06,3.421752973657471e-05)
(2.5677178189111302e-05,2.5356811026678398e-05)
(-4830010.523554436,3045142.293056447)
(2959969.8773420467,-1820670.6110424213)
(-6493125.38339448,-32830804.506109655)
(-12611373.06250558,-2370223.4416104034)
(-51704313.10369122,-35504438.73986903)
(-11665884.880529054,-7079910.198110506)
(6399151.018805072,-461122.79641037434)
(2.5508269255633957e-05,-2.534184411800931e-05)
(3.7585358446201976e-06,3.433000808976468e-05)
(-0.00012563312530151346,0.00019669552013469618)
(3.8206065125829744e-05,-5.033007759505133e-06)
(0.004598373434760883,0.04878137500202209)
(-0.0004674676610625496,-0.00020638208643407492)
(4.92494725350231e-06,-2.9836351730784018e-05)
(-3.021984052944489e-06,2.216944642212258e-05)
(2.7982764302706853e-06,-2.7722979104986178e-06)
(-4.408678385727783e-06,-1.9272642435924138e-05)
(3.960562987356014e-05,-1.873653622037708e-05)
(14825924.510709595,-7582962.623526946)
(26553351.84644188,-6208715.651740804)
(-42103352.19492036,-41038634.693038836)
(31419765.498391077,-5570528.61589995)
(8938284.452082433,5565676.760877924)
(2.5378245290116577e-06,-3.2941339469959415e-05)
(-1.923442252701491e-05,-5.995148280504693e-06)
(1.2088966193072e-05,-6.350602283378123e-06)
(3.099601908871495e-05,-9.21749734111698e-06)
(-0.0005754883534485494,0.00022270882207160625)
(-0.0011651154498834543,0.0011624436868560928)
(-0.0003120944783366031,7.431739441727832e-05)
(5.789898415700808e-05,0.00015049706544038746)
(9.210121029083772e-06,-1.8728934071648879e-06)
(-5.240443201297849e-06,-5.306475349654976e-06)
(-3.4444926888261125e-06,7.349689326156957e-06)
(5690843.729724526,27708002.47161317)
(19721291.07478144,-5418724.624392688)
(-14038253.187114395,27646603.38089609)
(-8371963.189684272,-18708375.67678359)
(14156314.164273977,75723456.10555267)
(-13080735.311510995,-19276556.309342824)
(20279883.704663977,16279743.919640854)
(4.719349874243715e-06,5.662529996544682e-06)
(-1.4259308621903166e-06,-1.325125052652469e-06)
(-1.4237364438849737e-05,-9.18536231648391e-06)
(-3.074720791973446e-05,8.67090924891605e-06)
(-0.0006032692199923027,-0.00016360949105090892)
(7.286574802314847e-06,1.8358815668210627e-05)
(-8.958933260188701e-07,-2.1924020251643485e-06)
(-3.0267789657297665e-07,-2.9959263496998205e-06)
(2.417539568506287e-06,3.006410106899996e-06)
(-4.3896618684757545e-06,-1.5926808266727253e-06)
(-2.2881769594971985e-06,-2.1548836006303807e-06)
(44650894.553925544,-80307099.46254975)
(-16857583.29933691,-62835678.10010278)
(43363854.433302104,43260501.027252354)
(45130756.92260963,43223810.0266582)
(14908524.733597592,-40005740.695732236)
(-5.183751128541552e-06,9.006737086944334e-07)
(6.3654111174367874e-06,3.6135203941626653e-06)
(2.880252207369102e-06,-4.488824919710506e-07)
(-9.16958111652919e-06,-1.2814964341860698e-06)
(1.4962542500687922e-05,-4.716803349077846e-06)
(-1.9387411372163123e-05,4.424318249657206e-05)
(-8.52923897942065e-06,-1.5662910329022955e-05)
(1.2922011831542115e-06,2.497098630441411e-06)
(5.7539081060325985e-06,6.633562726670288e-06)
(-1.1493909915371304e-05,-1.3081823123454192e-05)
(5.902845124817475e-06,7.126646668703462e-07)
(19847357.49313944,-12513021.951161236)
(4681249.597898334,-3992205.2990878746)
(30799547.667801782,-2366484.5343464017)
(87580797.54258698,4783329.698079467)
(254713489.81400132,164337144.2207349)
(-30840624.684748113,-17893873.514244676)
(-26295230.062898472,1894834.1720372438)
(-7.785939626574668e-06,3.895991787731195e-06)
(2.6846630383416404e-06,-6.224074627997712e-08)
(2.2568154821433554e-06,-1.3086994150042009e-05)
(-6.875208278881528e-07,1.1435267138085798e-05)
(1.0524799355961071e-05,-2.5373509800439774e-05)
(-2.6578445427701022e-06,-2.0989424535935186e-06)
(1.711946287163591e-07,-3.055056286909415e-08)
(1.501274582226595e-07,-2.0738044339438766e-07)
(-4.500899531604803e-06,-5.441028206116605e-06)
(2.1196312377970907e-06,-1.2595496077111939e-06)
(3.38455013562279e-06,4.651312479537201e-06)
(-53591342.3262625,30524494.010675132)
(-83165353.5970304,-25245011.36465451)
(91384842.15220976,141890340.35460445)
(-80692528.85216689,39504224.516868114)
(-30585459.80585262,-21654926.216168746)
(1.6027440584117272e-05,-9.770930636147717e-06)
(1.6719472483260775e-08,2.2171474363992516e-06)
(-6.34102964146674e-06,3.90034564271796e-06)
(-1.7941001623864824e-06,9.666581459930054e-07)
(-8.633898813725325e-07,-7.358583338653329e-06)
(4.606308182437126e-07,4.928535496016189e-06)
(1.2660038289148228e-05,-1.908180512872981e-06)
(-1.0626128968448242e-05,-2.9186376247765096e-05)
(-2.7662831672297565e-06,-5.0218173986520245e-06)
(-5.984346551371845e-07,-5.634664436137816e-07)
(-4.2343065928940764e-07,-5.741699716646157e-08)
(-7688580.911597729,-37434733.58591607)
(-21727334.13843199,5969915.462017536)
(21457901.992440984,-38486693.200608134)
(10366328.698896587,32265516.966771543)
(-21706151.801642776,-118682221.00159115)
(14411303.28699942,21237361.102955833)
(-27399017.464912802,-21994652.162397593)
(3.4361452436090276e-06,1.8426936326701775e-06)
(-3.5494199548947526e-07,-2.4582950653158838e-08)
(-9.839341164410301e-06,2.1284714800473554e-06)
(2.499028823758364e-05,-1.2102929023751856e-05)
(2.4218011431036413e-05,-5.0124854103794565e-06)
(-4.7953985677967245e-06,-2.932717768330037e-05)
(-4.686045000090072e-07,-1.2731184936207902e-06)
(4.682111722436743e-07,-2.1769160454043226e-06)
(-1.857742227167998e-07,9.492532377961787e-07)
(-4.904461382618994e-07,1.095226126782927e-06)
(1.1660692943434485e-06,4.863867034217647e-06)
(-34325663.20189896,64187477.370416105)
(16839729.442664415,53908152.793843076)
(-29894219.259795398,-37756784.402749434)
(-37272456.85050586,-31741990.20214829)
(-17084831.994965896,34216627.954817355)
(-8.941428444139668e-06,3.640273284263365e-07)
(-2.3765950955924758e-06,1.3550654580173004e-06)
(-8.011304893091258e-06,-2.5220338851392126e-06)
(-1.1250455888643993e-06,6.521203636069149e-06)
(1.265519859775931e-06,-3.434137098295926e-06)
(1.604454077974127e-05,-4.120502492959357e-05)
(-1.963876444474621e-05,3.971904365759134e-05)
(-7.424943538921897e-06,-5.177818960926844e-05)
(-1.4368350044221631e-05,-2.6947937557257905e-05)
(-7.539075884542491e-06,-1.1084280925173887e-05)
(-1.0580021724666357e-07,-7.336707780345436e-07)
(-8811453.344179371,5555294.157196507)
(155229.75781797874,385012.43081791967)
(-9126122.130134672,-15762557.948081758)
(-67994242.34720409,-28939422.9771204)
(-105947553.76411855,-80136638.29581079)
(4738506.240449399,2520385.797302177)
(11674057.513881586,-841232.5372542962)
(1.5153137322379263e-05,-3.014418078632278e-06)
(-4.3962512528811425e-06,-6.009441237408537e-07)
(6.872864293743549e-06,-1.5048556102419354e-06)
(1.170289035784574e-06,1.0341206847816793e-05)
(-4.789498267294783e-05,-7.679144765750621e-06)
(-3.117262680811804e-05,4.7181074076578165e-05)
(5.225372958992735e-06,6.69450852958393e-06)
(5.442974148640302e-06,-6.7455271401088215e-06)
(5.050294026613092e-06,9.613914801862552e-06)
(8.927486057768349e-06,5.6546683652857505e-06)
(8.88236408177853e-06,1.0117158926596216e-05)
(-1.5673838664329075e-05,-5.393450778251932e-06)
(17884292.90837562,-20216858.58912441)
(-8435081.883284211,-58297296.58883658)
(-19437823.79552354,-6427027.293591045)
(16823039.209815025,44435082.15901095)
(21446968.285000086,-854718.9514161199)
(1.5625632869824557e-05,-2.9357475850541684e-06)
(-1.503775954257077e-07,-1.630039446459668e-06)
(4.639352154073559e-07,-2.5197651472690887e-07)
(1.3840625036947665e-07,1.0512911938890053e-06)
(-3.3815221346764098e-06,-1.295885709350686e-06)
(-1.4277541919411925e-05,3.975807342378392e-06)
(8.260364612516563e-07,-4.8264400607601045e-05)
(-5.4759150577178854e-05,-1.3899634038982663e-06)
(2.724832160665981e-06,1.654850183645644e-05)
(-6.663213142422535e-06,7.325956476264445e-06)
(-2.0665910894200284e-05,-6.830379448905528e-06)
(1.443485144508609e-06,-8.123991764379793e-06)
(-2.9160113205763637e-05,-2.7039773081309496e-05)
(-31448904.553406954,19827366.59796694)
(-25520915.092899818,14820057.148330241)
(-1389193.0806111097,-85867948.70111728)
(-19574207.155319154,-7519881.28362029)
(-27522807.089402206,14461087.921202838)
(-90809186.6096785,-55760405.52400896)
(-41665807.68964203,3002437.933706969)
(2.8806373224384498e-05,-1.6756695656020067e-05)
(-1.8708236037626437e-05,2.7600275738249575e-05)
(1.8050212328223964e-05,-4.9932553836209725e-05)
(-1.54151869913183e-05,5.475235772606092e-05)
(2.5146995046301533e-06,-2.3832189939461723e-05)
(1.1234783939503422e-05,-0.00011738319489891378)
(-1.648457419554689e-06,-1.0537484013362063e-06)
(-2.6339117495856584e-05,-2.1736740513602687e-05)
(1.6672877537731743e-05,-9.595629606210422e-07)
(2.140315809339078e-06,-5.599613391446216e-06)
(-1.4852117997108113e-06,7.524336422980197e-07)
(3.2959263354545416e-06,-4.879957128148502e-07)
(-7.29118544540019e-05,1.263468826990381e-05)
(-73557599.71676621,7292195.089469731)
(162319023.69330359,92913251.91865897)
(52076933.032201946,-139532097.56083763)
(134564855.01872098,132163474.59807657)
(61134474.61845708,12648403.560799628)
(4.209387087858712e-05,-1.0390889592764132e-05)
(-1.8809965692867637e-06,-4.48743173141972e-06)
(-1.3435500030207908e-06,1.5012781163594689e-06)
(1.6520866683571264e-06,-1.868304162986325e-06)
(-8.115678732451311e-07,-6.784956953838949e-07)
(6.159626077970168e-06,2.8826889418006338e-05)
(9.524018112465221e-06,5.753557233081291e-06)
(-1.1629492552290597e-05,-3.1456390747933447e-06)
(1.5806789555931988e-05,1.1932849552050343e-05)
(-2.409638936902078e-05,-9.693946484339888e-07)
(-1.1915553447200302e-05,-1.4394487053078904e-06)
(2.2821321242508096e-06,-3.976130948120309e-06)
(3.6151492559279898e-06,-2.6305227083963905e-06)
(-7040826.662314743,-34280899.604029715)
(-52072074.846206054,14307594.42385897)
(-83873030.18351842,51149505.87683362)
(-15916372.818672836,-76388803.87828812)
(-106740388.8344121,-101645569.74795042)
(-34538358.85290879,-50897797.67012395)
(25090681.22011569,20141627.584318113)
(-3.6745158315060807e-08,-2.465000351112225e-06)
(-2.080400052965531e-06,-2.552157698251278e-06)
(4.07962092375039e-06,-9.034145332101207e-06)
(-9.407089430971322e-06,2.1787275060821857e-05)
(-4.714670204151276e-06,3.4969032449953754e-07)
(1.1430247438790551e-05,6.633709549858809e-07)
(-1.1876649547834714e-06,-1.1102952793605293e-05)
(-1.1559068825498857e-06,7.286578978064876e-07)
(-6.742467078348507e-07,2.1149460940222126e-06)
(3.2855515975093607e-06,-9.023558771507383e-07)
(-8.81461378310501e-06,-7.441178932651477e-06)
(-1.8780149016793823e-06,5.2631043126558975e-06)
(3.698462841547525e-05,1.905450758526734e-05)
(4603214.064825386,-25811107.310680583)
(202534913.16403675,95595208.80742437)
(59033184.20945996,19519051.624972224)
(48722447.49396801,-191635750.339167)
(-41766020.5285471,28888909.200986356)
(-5.6032497034215016e-05,-4.336111328357751e-06)
(6.99832301398555e-07,1.1357681082957883e-06)
(3.265064670047085e-06,-8.928795540755322e-06)
(6.237385295809319e-07,-2.628773128097804e-06)
(1.4985060423107516e-06,3.1972162543367057e-07)
(-7.698605857287414e-06,1.5688096428387936e-06)
(-2.7120630818482197e-06,2.9852308847094363e-06)
(-4.332562463727177e-06,-7.843324965526831e-06)
(1.8113432281529197e-05,-2.4203312889201797e-05)
(2.6770663631659628e-06,1.2918437692216623e-05)
(4.326776877044101e-06,1.1771532140646226e-05)
(-1.3319628165780398e-05,-9.480280663947972e-06)
(1.617694239432325e-05,1.8531589219746957e-05)
(-20180414.476051625,12723002.012204915)
(46619745.05518395,-29443479.499580443)
(-31187538.184678413,35909244.29694778)
(30504198.675685495,11718888.57989332)
(37484013.4818739,-96516700.37162763)
(192287810.11181688,116129729.41865867)
(-26736488.30063303,1926631.238805741)
(-2.8740981024106025e-05,2.3669415001602585e-05)
(-9.608729073156212e-06,1.4356948861093856e-05)
(-1.2907499953493947e-06,7.028822359959272e-06)
(7.853728612657663e-06,-1.721753981392367e-06)
(-1.8502854350146232e-05,-2.9736512969336294e-05)
(-5.387337474221563e-07,-2.653914223587125e-05)
(1.4902242826381982e-05,-2.6922294948335704e-05)
(-2.6727147582435012e-05,-3.017362644552755e-05)
(7.888324507926982e-06,-2.820298469147294e-06)
(4.491459057269409e-06,1.202324486391919e-06)
(1.004798415743395e-06,-3.4495065328543743e-06)
(-7.486990561947408e-06,4.455783653907928e-06)
(1.3781539428061778e-05,3.067307930231163e-06)
(56121197.282066524,-93640366.26530379)
(-61509785.986242294,-188724645.6891597)
(-44990961.97037041,120546332.69444466)
(-91187193.96374285,-123330665.06484216)
(2108253.3915500045,-53108389.489803344)
(-1.6279057116491967e-05,3.773153141167112e-06)
(3.0486918153743604e-06,1.428638791484868e-06)
(5.468474097999421e-06,-2.617806579582274e-06)
(2.7941010108475523e-06,-2.601623800102389e-06)
(2.453820512213591e-06,-3.5882427936252115e-07)
(-5.5201028289043826e-06,1.6746703609443067e-05)
(2.9576327281626512e-05,5.285540373510661e-05)
(-0.00039776168695565263,-0.00011107104755529363)
(0.0004342948288257677,-0.00013743509118628697)
(-8.30440143185162e-06,-4.9552625962235295e-06)
(3.3517301409975135e-06,3.4883223920099154e-06)
(-5.335142169071131e-06,3.799228002880618e-07)
(6.0552758145288205e-06,-8.632572370625644e-06)
(-14656649.471048772,-71361383.1368247)
(49514527.23426595,-13604869.32480371)
(46611337.23952812,-126186763.24340725)
(8059274.3022455275,38679561.67459953)
(56047076.26314384,13499615.24832818)
(32841989.014185607,48397925.305291384)
(52230417.99937844,41928141.31616885)
(-2.783277435501105e-06,6.545973683417401e-07)
(-5.532415909124729e-06,8.884333963714365e-07)
(-7.449850607564985e-06,-1.1996492059768108e-05)
(-3.534224301119743e-05,8.091508553923204e-05)
(-0.00023640260345060291,-6.164197063720389e-05)
(0.0007282289377622551,-0.0002042445705501855)
(-0.0003777432852174155,0.00022194605933366753)
(-0.0003342292433009175,-0.0004412674712545413)
(7.009152694890429e-05,1.3031290206843168e-05)
(2.7667925486966704e-05,-8.369992631507995e-07)
(8.56426623627445e-07,-2.460744923161302e-05)
(2.238051453079831e-05,4.061381164468587e-06)
(1.5041442884331812e-05,3.78046527182219e-05)
(-18477709.895602576,32150352.34903419)
(-98887818.56410593,29074237.5866403)
(-15945428.425244018,-5272282.780954957)
(-33363915.77243814,69420459.99144953)
(3684866.7090784907,-15025885.95123893)
(4.029627869204215e-05,2.0647057963989312e-05)
(1.9832390632734695e-06,-1.2457109219629136e-05)
(-2.116381213660002e-05,4.540327981840501e-06)
(-5.867335010530489e-06,-3.925666159779745e-05)
(-1.2607456017096688e-05,1.149772185352286e-05)
(0.00011228704526925295,-3.839109427428057e-05)
(0.0012080943364822807,0.001314560000543837)
(0.005040263514159354,0.05136324743927421)
(-0.00010386213687219536,-0.00025442864811736794)
(-0.0006976707092258853,-0.0018259148225682309)
(5.756277565953458e-05,8.481212822279877e-05)
(1.0773904341107276e-06,-0.00010286875732501446)
(5.495377961100702e-05,7.642139016597325e-05)
(-5.6413320875362885e-05,0.00010800232840213242)
(-4257669.875903793,3946698.9056535177)
(7987233.471848044,-5814596.238630123)
(-0.0001245304442813641,-4.961384836612756e-08)
(37440694.126455545,68324515.44169421)
(-31565636.8820343,-18174838.15053018)
(5.718587146342662e-05,0.0001081955791722715)
(5.486866127021046e-05,-7.623063018471743e-05)
(-1.0442287266632917e-06,-0.00010310289782897363)
(5.7113414699920854e-05,-8.483296990821471e-05)
(0.0006880181437904257,-0.0018288100351575851)
(-0.0001074266958423999,0.0002536083743260742)
(-0.005073057389957267,0.05103697948152313)
(0.0011971824849416426,-0.0013194062181032798)
(-0.00014517496489997413,-2.0675674433008435e-05)
(-1.3187821025994931e-05,-1.1078155362207533e-05)
(5.415661997599842e-06,-3.941035590396508e-05)
(-2.0935599096524186e-05,-4.579448732871774e-06)
(-1.9730828968536208e-06,-1.2469528895466818e-05)
(4.024142760678751e-05,-2.0357844477196103e-05)
(7714496.238172337,12547799.28195706)
(-14569807.105709523,-12015061.28593307)
(17268644.136203617,-46268664.41734314)
(-71248547.46628445,-20718101.156978756)
(-13780213.644121617,5242076.270326182)
(1.4779619547930572e-05,-3.8457798845434614e-05)
(-2.2424447250306144e-05,3.887009601218324e-06)
(8.809042988863415e-07,2.4346485045724096e-05)
(-2.7720611966260302e-05,-8.505381347368137e-07)
(6.715148450053199e-05,-1.1890504710563315e-05)
(0.0003308855778292679,-0.0004419911101911705)
(-0.0004797199228120401,-0.00016709918475158847)
(-0.0007401900589716528,-0.00019548310428623702)
(-0.00022806476042223022,5.6836404237336756e-05)
(3.2818389607244846e-05,7.888385447748727e-05)
(-7.915603036430642e-06,1.1683632913675016e-05)
(5.9511328516953864e-06,1.0619332903361385e-06)
(-2.8405488711163274e-06,-8.82778022245752e-07)
(14656649.47104448,71361383.13683835)
(49514527.23421326,-13604869.324813247)
(-51925537.591242835,60566300.732957184)
(8059274.302245051,38679561.674581036)
(-62773383.587396145,-101399763.187693)
(32841989.014239013,48397925.305280834)
(-52230417.99937767,-41928141.31615621)
(5.887134755951809e-06,8.790194651157831e-06)
(5.513653703849084e-06,2.848367329291414e-07)
(3.191659648379305e-06,-3.5776214353357065e-06)
(7.3065892207298255e-06,-2.3566228587424906e-06)
(0.00044192002312216976,0.0001319929521413425)
(0.00038401925053874447,-0.00010312616690105473)
(3.126257865669279e-05,-5.101568944163746e-05)
(5.4287222435088446e-06,1.619670546977594e-05)
(2.1287514371595977e-06,1.0631238821124979e-07)
(-2.6924733105681465e-06,-2.5688476284619797e-06)
(5.593251511732559e-06,2.6479801687037933e-06)
(-2.9150971257433137e-06,1.3920495201286986e-06)
(-1.5174397799052529e-05,-3.964460866257068e-06)
(38957810.37709203,-83872110.12249601)
(-150196848.1640885,-98976901.31815246)
(41543514.25756985,13736172.465287715)
(-56604323.48260629,112706705.33383393)
(-44683233.33377774,54404075.927589536)
(1.3622299383072447e-05,-3.1629667729034295e-06)
(7.617742300139228e-06,4.170567613436871e-06)
(1.2672698531800774e-06,3.844989517395532e-06)
(-4.311121243336265e-06,1.4667556442094693e-06)
(7.471553361682005e-06,3.7530519721582956e-06)
(2.7926127772480547e-05,-2.894169966918251e-05)
(1.4591061674748706e-05,2.7112141280527442e-05)
(8.123615700203552e-07,-2.6666780843462858e-05)
(-1.898844364185855e-05,3.0488098105445314e-05)
(-7.863842443506443e-06,-1.4101053930554098e-06)
(-1.2882575970840458e-06,-6.971101190837214e-06)
(9.580891007178168e-06,1.422546312686015e-05)
(-2.881389846787504e-05,-2.3512763015214038e-05)
(20180414.476109892,-12723002.01230535)
(-41695924.61220264,24879284.21914208)
(-22413866.282975376,109690200.73964292)
(-30504198.675667077,-11718888.579893664)
(-64460777.83766222,-176465657.52816552)
(-155783446.76241553,-95111275.13752186)
(26736488.300574556,-1926631.2389056236)
(1.6279059742087346e-05,-1.8780844404045417e-05)
(1.365360835994844e-05,-9.657497084098263e-06)
(4.174499654252796e-06,-1.1699493747491924e-05)
(-2.681800733285142e-06,1.2550427142664072e-05)
(1.768229603945167e-05,2.333971135779056e-05)
(5.039833278298173e-06,-8.206451560229732e-06)
(-2.351548446214683e-06,-2.8435968420506402e-06)
(7.744317231145789e-06,1.7588544477216617e-06)
(1.4542413697806828e-06,-5.385040868864761e-07)
(-4.696585752376066e-07,-2.6559201927856483e-06)
(3.0782032404326487e-06,8.74142459435901e-06)
(-9.027191815114445e-07,9.295806890343749e-07)
(-5.617797030948734e-05,5.019917390506498e-06)
(78178367.55190326,-77470677.37948024)
(143690333.77815104,187510015.07364893)
(-63931994.99904895,171295904.8097396)
(149977224.12440372,167621238.19499642)
(-26384065.061076343,-47843911.5239066)
(3.803745601290955e-05,-1.7949785547571287e-05)
(1.733776525642546e-06,5.601565956063225e-06)
(-8.6279005628375e-06,7.264449566963511e-06)
(-3.5609437821447968e-06,-8.407172250100365e-07)
(-7.749728592811846e-07,-2.0799250610544303e-06)
(1.1514947079235686e-06,7.031594423389304e-07)
(-1.6235628168206208e-06,1.121957313495404e-05)
(-1.2315385217272213e-05,7.593521724834301e-07)
(-4.698810384028127e-06,-6.367253333705771e-07)
(9.533114728123694e-06,2.1805661780749407e-05)
(4.2480328981777705e-06,8.905987159396392e-06)
(2.077650949684535e-06,-2.7809206393321254e-06)
(1.575049397576564e-07,2.130179149785657e-06)
(7040826.662310123,34280899.60404278)
(-52072074.846247494,14307594.423854113)
(81019834.52454665,-86381150.59901989)
(-15916372.818672478,-76388803.87828997)
(103129032.54592276,54451955.67163789)
(-34538358.852867424,-50897797.67012633)
(-25090681.22011015,-20141627.58430176)
(3.3924606835262505e-06,2.788087560900237e-06)
(-2.2607062292142776e-06,-3.96580295800302e-06)
(-1.1873711247496932e-05,1.2275953351110177e-06)
(2.4242923775615982e-05,-1.3283040931441963e-06)
(1.566009360332261e-05,-1.2016244748446571e-05)
(1.1551000496786187e-05,-2.4681213823026122e-06)
(9.833731783207868e-06,-4.854290657188636e-06)
(-5.909289612295043e-06,2.896775304043184e-05)
(-1.0620350343625957e-06,5.23896326255016e-07)
(-1.975114198093523e-06,-1.970432409601439e-06)
(-1.0726172731668634e-06,-1.5441346276530841e-06)
(1.581496941432636e-06,-4.3888093658520705e-06)
(4.105694722044171e-05,1.1270401617874556e-05)
(57173349.04633546,-88436234.11335647)
(151657832.31052482,47533893.00997007)
(-48086520.38466075,-15899587.434128433)
(13044581.900684834,-178112593.33765197)
(13937111.002839506,30894518.650990568)
(-7.290871245341647e-05,-1.2218375510900881e-05)
(-3.6070235776841475e-06,-3.531229441605266e-07)
(-1.1704340482173416e-06,-1.0450478865409555e-06)
(-2.567137465945528e-06,-5.60166575399409e-06)
(1.665463364153187e-05,7.326018843748981e-07)
(2.6487503739388234e-05,-2.137361146276186e-05)
(-1.862032543935039e-06,7.831993854466864e-07)
(-1.06638402602719e-05,-0.00011595016624231887)
(2.2609891333841365e-06,2.3592657388252897e-05)
(1.5240046503763093e-05,5.5086385099672854e-05)
(1.8636875764104308e-05,4.988229229238715e-05)
(1.8550849616702218e-05,2.7400862112637313e-05)
(2.861785969794918e-05,1.649643469552308e-05)
(31448904.553355075,-19827366.597917378)
(31150274.06071282,-20038259.950458735)
(31008022.53672406,-72474462.30503976)
(19574207.155340433,7519881.283620179)
(-121477326.871064,792469.7052503228)
(132544292.01513898,79790612.44712168)
(41665807.68969767,-3002437.9336552024)
(-2.8946503063561657e-05,2.7289054242858688e-05)
(-1.325385267469541e-06,-7.977002200214313e-06)
(-2.0684846941514544e-05,6.9484873691831004e-06)
(6.410523278929123e-06,7.381085507558209e-06)
(3.002073953222238e-06,-1.6641960699769983e-05)
(5.5588927705504346e-05,-2.9108575893534784e-06)
(8.891249176037788e-07,4.707794742949781e-05)
(1.4039691674402065e-05,4.88182561932015e-06)
(-3.210790570195115e-06,1.1354226586615505e-06)
(-2.4549212953126325e-07,1.486547216858217e-06)
(2.951078916270121e-07,3.1840646030306746e-07)
(5.925584309160467e-07,-1.3901753104938817e-06)
(1.610869764956836e-05,3.249539102045343e-06)
(-56516504.17739081,33380539.021586597)
(-78604302.25063539,-54772367.208478674)
(21050852.504897684,-56402507.49091202)
(-18026364.63557142,-62603553.58556768)
(31596259.708370835,23424040.599555433)
(-1.660181451564879e-05,5.404804750127354e-06)
(-8.501796581678802e-06,9.893241968512936e-06)
(8.567639173363152e-06,-5.307705972513372e-06)
(-5.2214098779133e-06,9.87824770096029e-06)
(4.853462138631246e-06,6.824847477705948e-06)
(-5.451780388301973e-06,6.68680209528555e-06)
(-2.979982892253988e-05,-4.851496215757752e-05)
(-6.229314358085441e-05,1.2654727317881392e-05)
(-2.464544111565811e-05,2.0763083287770585e-05)
(-1.6379518092050527e-05,1.41604212756248e-05)
(1.900711837854971e-05,1.1246934993689074e-05)
(-5.759761142886447e-06,1.4319574897436993e-05)
(-2.424322623349619e-06,5.217326130021585e-06)
(-6.4114407805055316e-06,1.581528093542365e-05)
(7432129.850402296,36186105.61877705)
(14422109.46259142,-3962693.891831085)
(19954171.081729595,-12715115.170595646)
(-22126533.519226372,-12405681.354037844)
(-23732751.38758701,-59859423.34790605)
(-9565894.839191645,-14096876.523016369)
(26485128.779159427,21261024.9882279)
(4.1066851002729993e-07,-2.900369666118257e-06)
(-3.0441775517504386e-06,-2.137809704005049e-06)
(1.7162035485742277e-07,5.106232179202441e-07)
(-7.251262973865139e-06,7.767629672749782e-06)
(-1.271726455795253e-05,-1.3204803025083702e-07)
(-1.0419938911474552e-05,4.488219803247621e-06)
(2.4588441853004572e-05,6.40972738500436e-05)
(-3.792944815833638e-05,-9.859638499750345e-06)
(-2.19336553425951e-05,-1.13047042208483e-05)
(-2.0385063990545625e-06,-7.044918600545049e-06)
(-7.173183230297701e-06,-1.1497403940123502e-05)
(-3.9800779435335795e-06,1.3663917470225565e-06)
(6.518526735420929e-07,9.32727555235926e-08)
(6.9198213701148784e-06,2.437100645637408e-06)
(-4.707507172636144e-05,-1.994876977342143e-05)
(-21685607.751240432,54641198.40100503)
(-44628962.952778876,-73324587.4727837)
(23167286.221090615,-51450410.968477726)
(37650409.094462946,-5359721.25894779)
(-43124744.78053144,41519481.49785018)
(-4.916267445568559e-05,6.705998657759677e-06)
(6.704832544288261e-06,9.993281678438359e-06)
(7.216821966268429e-07,-3.239769385406605e-07)
(9.245607624266742e-07,-2.2757856554670265e-06)
(-7.396226773525839e-07,-4.949628400553432e-07)
(4.409395397985656e-06,3.7154435104913017e-06)
(-1.1252107355760695e-05,1.1401491983200712e-05)
(2.8964453864896935e-06,2.040131809353763e-06)
(8.812448974334852e-06,1.105499590193299e-05)
(-1.1520313618061044e-05,-2.6182242476695692e-05)
(2.5665157112826105e-05,1.1241463966027445e-06)
(1.3750238270942966e-05,1.2947814910425602e-06)
(-7.084822437036297e-06,-1.058375530147307e-05)
(1.0963010377501784e-05,5.940030155583581e-07)
(-7.520861103057846e-05,-5.303000744835744e-05)
(-54441973.07307845,34323642.54861742)
(-16570777.40728164,8252270.653245211)
(-3914675.8172097206,-126084975.40885526)
(287900515.01012874,175511856.14512515)
(-291221848.4912846,-284014251.7816908)
(43702944.838872075,27957961.11128691)
(72128705.67419615,-5197594.239342213)
(-5.636238105553772e-05,3.5831938399227576e-05)
(2.894376157688911e-05,-3.784978209243213e-05)
(-2.4859619985709293e-05,4.9841494432300074e-05)
(4.958629131566827e-06,-2.958953711198055e-05)
(1.6068230525502925e-06,2.6168287805324268e-05)
(-4.496861326997023e-06,5.681982156353992e-05)
(1.2472534146879454e-05,9.294228337133258e-06)
(-5.115346148447748e-06,9.282191513976253e-06)
(-1.1384952457907369e-05,-3.893392059605292e-06)
(-2.4656455117086056e-05,1.5530984905041538e-06)
(1.0061746352352467e-05,1.682431056709268e-06)
(-1.8653613556251424e-06,-5.391763867534972e-06)
(6.460937151835874e-06,1.1977129350049319e-07)
(-1.6681193552632267e-06,8.851628429249491e-07)
(-2.6961496099405796e-05,1.6218941855569874e-05)
(52818129.8336955,-7918345.894031197)
(-67925096.74935552,5048875.649077654)
(-174027812.11076832,-135638279.5106371)
(-111546836.89554143,15269494.171114206)
(42413083.83359775,10405623.151837885)
(7.749318322175964e-06,-8.621549885719814e-06)
(6.465562655818405e-06,2.1971191713216988e-07)
(5.45727531657315e-06,-3.100840226937751e-06)
(-6.678347845167102e-07,-1.8625685408205947e-06)
(-4.309436315413472e-07,1.1655453411254847e-06)
(-7.141806794784604e-06,-1.7990934325524042e-05)
(-1.1278567074810706e-05,1.3409468320746674e-06)
(5.909770723872585e-06,-9.629480983126669e-07)
(-1.4730186072936169e-05,2.0071777959056053e-06)
(-2.0948682454659816e-06,-1.1191749121746187e-05)
(9.902697218376877e-06,1.1295401436474592e-05)
(-2.344445400217345e-05,1.3794425001490595e-06)
(-1.2560295938623503e-05,6.368431721034726e-06)
(7.284167642230126e-06,-6.824974436401083e-06)
(-4.947058618865168e-06,2.1538260222233585e-06)
(33036666.84597075,160851376.36778826)
(-60211231.0624702,16543951.366344929)
(-32983340.99543923,66019951.54596114)
(25620743.57078767,29099913.023468606)
(34096827.000490785,158397075.30051738)
(39936897.30155772,58853407.803246364)
(117729425.27408111,94507686.68980634)
(5.181924058204264e-06,4.134649550549186e-06)
(-2.5754602671784996e-06,-4.478892705409675e-06)
(-1.4653606860020755e-06,9.078506773294454e-06)
(1.0270376304893057e-05,-1.5433947467017846e-05)
(-1.2625129711315348e-06,4.849884255242113e-06)
(-9.54138203722106e-06,-3.4916280262255475e-06)
(1.020837869289606e-05,3.741813029728228e-06)
(1.2583389683032617e-05,2.572339260052115e-06)
(-1.4920738421298021e-05,-6.7611463505933366e-06)
(-9.23742838776525e-06,6.086192334241881e-06)
(-1.6031673958988055e-06,-6.062145156478402e-06)
(1.1815451501453345e-07,-3.8298318913014225e-06)
(-1.0729621289690147e-05,-2.6313140433033783e-06)
(-3.9705918191557785e-06,1.835840606041254e-06)
(-2.8239519627685714e-05,-7.89855584514221e-06)
(94616435.24943763,-164357464.2469828)
(17505639.45918113,76178876.20337635)
(70966656.94956934,46723413.67298314)
(-64781837.68366939,-72216789.8552012)
(18247438.750411272,-76558728.98693645)
(-4.168389488942452e-05,-2.4786962440808307e-06)
(-4.493967244622387e-07,-8.141980979338559e-07)
(-9.175677215403018e-06,7.106364583002591e-06)
(-2.3259182461596458e-07,-5.013779606737479e-07)
(7.104137694837859e-06,3.0872997449587595e-08)
(-7.913240273054047e-06,-2.5831332416137775e-07)
(-1.0687496398935806e-05,3.1121420755970114e-06)
(-1.0090520476595943e-06,-2.449036720318793e-06)
(-1.107774065983653e-05,3.6479848838901816e-06)
(3.1982294621904896e-05,5.7048726864524245e-06)
(1.8227854218689382e-06,4.543101163832562e-05)
(1.0773388841182751e-05,1.8165260046540592e-05)
(-4.600648762828229e-06,-6.765693809921762e-06)
(6.264647504206486e-06,1.1488085937300506e-05)
(-7.404508181112505e-05,-3.974386996374944e-05)
(33719542.34071807,-21258919.41224566)
(-22652655.047985192,15026060.707864136)
(48097153.812435925,-96149952.02154082)
(86099992.38234508,125403750.19605482)
(207017084.0377376,62521164.95450127)
(101443639.91284788,60757169.71068153)
(-44674114.615654916,3219216.51858446)
(-7.88084040465218e-05,5.6740456012984916e-05)
(2.2536458579764784e-05,-1.9406684363666092e-05)
(7.1930269001517385e-06,-6.923022468234761e-06)
(1.3875757599998791e-05,-1.0518439495251795e-05)
(-1.3753217803851942e-05,9.886894141183708e-06)
(7.1647644651972415e-06,-5.594768873534481e-05)
(-4.912109912709134e-06,-1.3654249318083032e-06)
(-3.208896942507339e-06,3.4935536516018173e-06)
(-2.2154016602465583e-06,1.536288794928558e-05)
(1.832147674441592e-05,4.128762499375453e-05)
(6.971618784387289e-06,9.530194001848437e-06)
(-1.5744773233067603e-06,3.1329467013633585e-06)
(-3.716072634878271e-07,-1.399328968259681e-06)
(2.8282017370924343e-06,-7.874984164624326e-06)
(-6.646687807188237e-05,-2.2571872392070243e-06)
(-88570941.56455573,78838765.98679268)
(88087890.8312096,59902779.47730741)
(-49544910.308297396,95164905.0638237)
(27160048.397297114,-63720499.659308255)
(-34834458.26097661,-49797620.086855434)
(-6.637127117478962e-05,2.7639847685786674e-05)
(1.3765235747674534e-06,2.579511531623251e-06)
(1.900224712955187e-06,-2.3721121776210972e-06)
(2.2053572184217497e-06,-1.3367268780736691e-06)
(2.531489558925347e-06,-1.8627220037126425e-06)
(-9.736618725117869e-06,1.4243232541071826e-05)
(2.6110649263121787e-05,3.657796969086982e-05)
(2.6037956628741766e-06,1.0980735551204663e-05)
(9.93703810875466e-05,-0.0002612004614493523)
(0.000157450009004925,2.8806971376312213e-05)
(-0.00015665626637560292,3.0105245767518608e-05)
(8.825083577840826e-06,-6.175874858526959e-06)
(3.392803566729759e-06,3.225831015413918e-06)
(-6.923858813261874e-06,3.972725808267894e-06)
(2.2445719638417514e-06,-1.1112347181452981e-06)
(-1139285.9587611184,-5547040.063037338)
(-29793236.159501225,8186144.700430781)
(-8197517.620306147,9764814.647530124)
(38037892.89781154,-32959047.046530157)
(12741827.458924472,-46115529.19656399)
(19761253.70268184,29121368.99596385)
(-4059958.0391340815,-3259144.784259771)
(1.9009368863462568e-06,7.4634443636930505e-06)
(-9.072262220212866e-06,1.7677131229160278e-06)
(-6.013464170618956e-06,-8.887826347681801e-06)
(-1.9077371224804254e-05,3.9456828248674746e-05)
(-7.285977011899509e-05,-2.086133615477111e-05)
(0.0002716197898286999,-7.602812199744563e-05)
(-4.020563409238041e-05,-3.973961231055036e-06)
(-5.620310096191611e-06,8.876359307657883e-05)
(0.00011675123005376364,-0.0001235793613709977)
(-5.408396260396009e-05,2.9815887943712547e-05)
(5.191109719536952e-05,7.385079434599775e-06)
(2.32083491786262e-05,-5.473476251038475e-06)
(-9.944372333063664e-06,-2.4834736854952373e-05)
(1.292455586364057e-06,8.30861408497155e-06)
(1.4317116921812285e-05,1.3079893785095456e-05)
(-32183685.640890554,61095110.43915731)
(42522081.63467766,-3601060.1493558288)
(-62326616.650086135,9454166.114391506)
(-2857670.976670772,49237454.842475444)
(-18113774.183078825,33371153.541271)
(3.430406689404589e-05,3.6183920089536106e-06)
(5.699419726872212e-06,5.809073490221219e-06)
(-1.4796911888544367e-05,6.640241195005609e-06)
(-1.1227394940978429e-06,-2.6989953181933386e-05)
(-1.3267134843091828e-05,3.7678681290055712e-06)
(-7.041957246604969e-07,2.507136048139663e-05)
(0.0002866632210590882,0.00021113931903624062)
(-0.0014185135611996832,-0.0005691970067218796)
(0.006457367450092468,-0.015681764909520578)
(3.214819194646491e-05,0.0002071340812648519)
(-0.0002740569682182541,0.0018666253607327202)
(4.0073504881670855e-05,1.252765609178888e-05)
(2.3096149816837708e-05,-3.2981569621978787e-06)
(3.0162220269385966e-05,-3.389118769938942e-05)
(1.624362990968453e-05,2.041109435337374e-05)
(-62635052.487342045,39489074.90373689)
(19004016.11498382,-11689326.265800506)
(-25659183.693187594,63499218.590899706)
(12611373.062627584,2370223.4416101575)
(6397711.570464432,69718180.79042915)
(-74898959.60390615,-45455438.087616146)
(82983496.20224348,-5979790.400844574)
(1.6164528417511553e-05,-2.0842344033514813e-05)
(-3.0222085641081398e-05,-3.390236897432318e-05)
(2.323907318236248e-05,3.2973123196805415e-06)
(-3.9893832560866425e-05,1.2567277993905065e-05)
(-0.00027280247283318476,-0.0018796429260642968)
(-3.572229518853988e-05,0.00020787009755287553)
(0.006545780800986598,0.015654466099865826)
(0.0013538797967888967,-0.000547814669394336)
(0.0002847838509263532,-0.00021350793107304284)
(-1.0591585490779883e-06,2.6478172622152358e-05)
(-1.2791999458221217e-05,-3.67194372080282e-06)
(1.458586878225042e-06,-2.726461344563976e-05)
(-1.4208579083526231e-05,-6.512625121478874e-06)
(-5.904383853162955e-06,5.7674705191574445e-06)
(3.396597279267854e-05,-4.106375168251846e-06)
(9497556.502763629,-43141643.81802964)
(-41123158.95229569,-5806345.6341691315)
(153758351.9659952,27813861.85804832)
(39828781.96784094,26288629.772890776)
(-15464561.051720895,22455206.07347259)
(1.4981658829247706e-05,-1.1795532249857677e-05)
(-6.326449038795385e-07,8.58041249628932e-06)
(-1.0013524954805336e-05,2.493851984798603e-05)
(-2.349503483688823e-05,-4.976439292595627e-06)
(5.0395088491453844e-05,-6.985282638241078e-06)
(5.4021291044103805e-05,2.893272061433974e-05)
(0.00013361671462786516,0.00011456417099322454)
(1.5301649616119193e-05,8.155548606259995e-05)
(-3.752065368579032e-05,-2.3918533387419245e-06)
(-0.0002760842951512715,-7.250530570212079e-05)
(-7.03528517559737e-05,1.913327655455294e-05)
(1.8113342664797952e-05,3.8598812434157586e-05)
(-5.902761923039755e-06,9.085679032454082e-06)
(9.141311019077583e-06,1.8603424467488608e-06)
(1.913626329163847e-06,-7.537721157096919e-06)
(-1139285.9587658308,-5547040.063007301)
(29793236.159398302,-8186144.70045644)
(-14145468.59475714,-63681286.007709384)
(-8100222.436940849,48633134.253804594)
(20270287.726903975,52267244.502062455)
(-19761253.7027843,-29121368.995938662)
(-4059958.0391406156,-3259144.7842893647)
(2.534519257016471e-06,1.1360876658451035e-06)
(6.861946251198454e-06,3.882385095589339e-06)
(3.5414705137623313e-06,-3.2288760499396344e-06)
(-8.050490531063257e-06,-7.5394678447292185e-06)
(-0.0001588116279288932,-2.8322229193861976e-05)
(-0.00015206543145166788,2.5148029756482076e-05)
(9.215825200490865e-05,0.00025547352511062814)
(-3.585242058758919e-06,1.2656262526287835e-05)
(2.7484714541420264e-05,-3.503731222036319e-05)
(9.267417307197361e-06,1.4807016149282069e-05)
(3.2906285992342025e-06,1.729211445241161e-06)
(-1.8974136999455387e-06,-1.2971896570922022e-06)
(2.00942404724565e-06,2.1186223715817747e-06)
(-1.5678548907926097e-06,2.5002625200704134e-06)
(-6.494644472478757e-05,-2.812292050775639e-05)
(-3157789.6132490784,-13896880.706567451)
(58466381.48208898,-93022149.60832071)
(16719213.878367439,-31639550.636828184)
(-44332159.45882493,-7113294.028614104)
(43865718.75126696,-24823050.278160095)
(-6.613606776552951e-05,2.4550188705180554e-06)
(-2.8664411760419405e-06,-8.33532016637321e-06)
(-4.3687639922429935e-07,1.2279691611428847e-06)
(1.2248917388098743e-06,3.3493321957984872e-06)
(7.5665724533572485e-06,-9.829431470371012e-06)
(-1.9405235996432345e-05,3.9855388652587134e-05)
(-2.5690964212979025e-06,-1.5602525976083194e-05)
(2.757315979138641e-06,3.902543453882433e-06)
(-4.964049019646119e-06,1.6547011577414718e-06)
(-7.144906241140559e-06,-5.525197171798252e-05)
(-1.4044448408340694e-05,-9.355986068637484e-06)
(-1.3835867999212308e-05,-1.0360653375191994e-05)
(7.115996861215689e-06,7.070339489594696e-06)
(-2.232089384388947e-05,-1.9783300609521464e-05)
(-7.909765637632436e-05,-5.6861036798611694e-05)
(33719542.34079035,-21258919.41229704)
(-15646630.730326843,8531741.2062781)
(44874166.08154541,34079297.88486793)
(-159780797.0570649,-139251565.9391208)
(-46991754.26992738,-132532150.85942766)
(49502172.85728192,30850351.718760207)
(-44674114.6155819,3219216.5186361074)
(-7.421052541762835e-05,3.973604618732763e-05)
(-6.367931466211681e-06,1.1282724432104316e-05)
(-4.33231907279548e-06,7.272906474621787e-06)
(-1.0859865601335347e-05,1.851585976224637e-05)
(1.8596474856226236e-06,-4.5435832356579184e-05)
(-3.268411175805848e-05,6.9303360473608805e-06)
(-1.1142794871897287e-05,-3.0864437524758526e-06)
(1.2089586197848096e-06,-3.041995258980207e-06)
(-1.1299873297762828e-05,-3.725548484460638e-06)
(7.510758337402023e-06,-5.319012647535246e-07)
(6.726274664253337e-06,-8.259044789398931e-08)
(1.0675481050877495e-07,-6.68427988070892e-07)
(-9.161475979404961e-06,-6.977538591248638e-06)
(5.982951735345105e-07,-9.942053755618734e-07)
(-4.177162402205291e-05,2.799609594916334e-06)
(40720730.98431969,63121327.493130095)
(126757196.4880147,-145615168.89001966)
(-309484403.11799955,-115704133.16083002)
(-45047202.59256375,1245334.4580552876)
(71016003.56605393,-26134713.338386297)
(-2.8256064125285535e-05,7.649598391252057e-06)
(4.011679387480395e-06,1.7183396589792906e-06)
(-1.04303969466768e-05,2.861886524424791e-06)
(1.5453850397563524e-07,-4.157370210247371e-06)
(-1.7473997997552398e-06,6.3741438516847444e-06)
(9.708593401023166e-06,6.350371627932662e-06)
(-1.4931640592934099e-05,7.230474526683187e-06)
(-1.2763134463924605e-05,2.6444933642309536e-06)
(1.0029897519249237e-05,-3.977578511634335e-06)
(1.0154403579615065e-05,-3.2246841837850976e-06)
(-1.2252522211742026e-06,-4.920431845262995e-06)
(-1.0479352942570846e-05,-1.541852161526699e-05)
(-1.51089390299182e-06,-8.59608570833535e-06)
(2.442358514905303e-06,-4.503481320406653e-06)
(5.1673219124015355e-06,-4.615683883357082e-06)
(33036666.845977545,160851376.36777294)
(60211231.06255108,-16543951.366326809)
(-19968467.590888023,226729363.27249503)
(126576809.41323334,-149434159.46337938)
(17623598.196280986,-56876949.37984744)
(-39936897.30148065,-58853407.8032638)
(117729425.27408624,94507686.68982899)
(-4.579974382293468e-06,-1.5109088078802105e-06)
(-7.5692794951351944e-06,-6.8959696178203615e-06)
(-1.262563388010342e-05,-6.439064017714636e-06)
(2.3301718998538766e-05,1.270034137642694e-06)
(9.671375894494704e-06,-1.1731379933117861e-05)
(2.0788017996028373e-06,-1.1147482686289194e-05)
(-1.4616921122350497e-05,-1.7586198208435346e-06)
(-6.136858697891153e-06,-8.729228969236688e-07)
(-1.1705634334077816e-05,-1.6715322493871978e-06)
(6.5552896311616045e-06,-1.796563552863733e-05)
(-1.6134468993360168e-07,-1.3327394107227804e-06)
(8.813585865149921e-07,-2.2742843736709025e-06)
(5.5294567932432505e-06,2.983335983405895e-06)
(-5.759720920781759e-06,9.64382733370817e-08)
(8.242483413979358e-06,7.670563029517197e-06)
(38538656.59913446,-58892885.31797773)
(-186170864.49142158,91488414.22369003)
(99620395.77612895,-4593525.9722156525)
(92478331.70588571,-79026280.8099159)
(-11044470.419204146,-19809291.96275336)
(-2.755884941361231e-05,-1.6177751591941795e-05)
(1.5654430054843158e-06,7.097770724871287e-07)
(6.413266670733699e-06,-4.609292636047172e-07)
(2.015886867112214e-06,-5.408439917543338e-06)
(1.012911747143273e-05,-1.2963129712672092e-06)
(2.5161578404036728e-05,1.3724661980850967e-06)
(-1.0875416640121214e-05,4.0365944938561765e-06)
(4.71684267933772e-06,8.965304955877782e-06)
(1.2371876854449278e-05,-9.60113610546335e-06)
(4.370334696006547e-06,5.543650495008827e-05)
(2.242907830846911e-06,-2.6965656863171925e-05)
(-4.64898855429008e-06,-2.9718707263132672e-05)
(-2.4869390995079692e-05,-4.9611042303179145e-05)
(-2.9041709500260828e-05,-3.789894361062957e-05)
(-5.644055540519671e-05,-3.592725327392353e-05)
(-54441973.07301635,34323642.54853445)
(-29014490.63452281,19787122.063978285)
(-22305230.619257927,-166418492.38391256)
(-215481160.9017141,-161901121.62137693)
(-91963213.06693679,-33176931.231891096)
(135958508.24203372,81076798.52285144)
(72128705.67425993,-5197594.239262342)
(-7.508225963610986e-05,5.3572426891944044e-05)
(-1.0823247830452362e-05,4.38879423114872e-07)
(-6.930734452774868e-06,1.0393588317013758e-05)
(-1.3256000500793071e-05,1.8105271621597393e-06)
(2.5367953304138147e-05,-1.8741419091336303e-06)
(1.2187043736919885e-05,-2.6906952016223737e-05)
(8.341261536727517e-06,-1.1814853663426798e-05)
(-4.18594987716663e-06,1.5036006607432839e-06)
(-1.1744126651814485e-05,-1.164922869174764e-05)
(-4.384585317457213e-06,3.937949188309357e-06)
(-7.175609874365498e-07,3.9961711832292327e-07)
(-8.391199443659827e-07,-2.591809091385275e-06)
(8.234457398090611e-07,6.049022639479927e-07)
(-6.561521301195112e-06,9.77858764471681e-06)
(-4.9453149031113373e-05,-6.3129602894066484e-06)
(67030655.922738925,-85343731.64687932)
(-21604985.545189798,124351006.9329915)
(35591602.443259835,74948572.99407028)
(-5434796.635719687,-46123004.9478575)
(12149589.31363228,50356993.44631623)
(-4.844440557045019e-05,1.994003497273974e-05)
(-6.7983334926977744e-06,2.17480350836276e-06)
(5.739194080584705e-07,5.6531912316423045e-08)
(3.871772146184164e-06,1.1333875993369326e-06)
(-6.71916079596741e-06,1.1664635918499239e-05)
(1.6554701805648756e-06,-6.749787881073587e-06)
(-2.2278529484092197e-05,1.2053631175395545e-05)
(3.782163202539066e-05,-9.709277442447954e-06)
(2.4586934630405673e-05,-6.437515273352047e-05)
(1.0650987192113543e-05,4.8032543503432246e-06)
(-1.1992205205132036e-05,3.933448896549447e-07)
(7.348417637098161e-06,7.950202237108614e-06)
(5.53485008709516e-07,-4.326237011818116e-07)
(2.9338307956356772e-06,-2.038688144212144e-06)
(6.600310289255535e-07,2.603170595393152e-06)
(7432129.850401908,36186105.61878975)
(-14422109.462657817,3962693.8918130696)
(15392671.970045835,-69041121.27483487)
(-57509974.47524112,50167575.23793495)
(-17959155.57751785,15590582.336041793)
(9565894.839124769,14096876.52303483)
(26485128.779157132,21261024.988215186)
(-6.033861923110733e-06,-1.5665840505203228e-05)
(2.269033992751484e-06,5.333328899912103e-06)
(-5.849962093221977e-06,-1.4243801202026697e-05)
(-1.9108898710284367e-05,1.1686078962399237e-05)
(-1.6352101741965305e-05,-1.4714895557220568e-05)
(2.4314479355050833e-05,2.0076805856641477e-05)
(-6.234985144362654e-05,-1.2253906488117838e-05)
