(0.006764150703814125,-1.6751500959593706e-19)
(4.500643417695896e-06,8.592012630958383e-06)
(4.8920753965574624e-05,2.3408535865900288e-05)
(-1.920602407726468e-05,6.48609544718983e-06)
(5.836935792887374e-05,-5.688078031701123e-06)
(-8.763424321738778e-05,1.5492635780929506e-18)
(-5.836935792886819e-05,-5.688078031699522e-06)
(-1.9206024077269704e-05,-6.486095447188881e-06)
(-4.892075396557693e-05,2.340853586589654e-05)
(4.500643417693199e-06,-8.592012630956729e-06)
(-3.545913509916093e-06,7.31564670468633e-06)
(1.5236306001069326e-06,6.760866197612333e-06)
(3.583663949962529e-06,-1.369411044990427e-05)
(-4.611591204300025e-06,5.8944170546078114e-06)
(-4.985304157364439e-06,3.957844672577625e-06)
(1.1029428571915963e-06,-1.1774703241123543e-05)
(-1.7245606818303436e-06,-1.893397628629212e-05)
(7.180866844216583e-06,-2.9478294009695252e-06)
(-1.018485474649477e-05,1.2759952776545115e-05)
(-1.851665766955992e-05,1.3929889611305838e-05)
(1.714995995072079e-05,6.210666115335805e-05)
(-7.957006237212707e-05,4.5616080471481805e-05)
(-0.0007380248838526419,-3.435354974777475e-19)
(7.957006237212836e-05,4.561608047148087e-05)
(1.7149959950718733e-05,-6.210666115335676e-05)
(1.8516657669563862e-05,1.3929889611307165e-05)
(-1.0184854746493188e-05,-1.2759952776545132e-05)
(-7.180866844216707e-06,-2.9478294009694816e-06)
(-1.7245606818331566e-06,1.8933976286289658e-05)
(-1.1029428571904568e-06,-1.1774703241126129e-05)
(-4.985304157363704e-06,-3.957844672574984e-06)
(4.611591204300385e-06,5.894417054609506e-06)
(3.583663949962651e-06,1.3694110449900715e-05)
(-1.523630600104185e-06,6.76086619761497e-06)
(-3.545913509907053e-06,-7.315646704687291e-06)
(-8.587069603992568e-05,3.181526808274497e-05)
(1.434084667277998e-05,2.27665392681303e-05)
(-1.2239608506689348e-05,2.6884168807125893e-05)
(-9.419855319426906e-05,-5.546685193785654e-05)
(-1.2323690870214063e-05,4.308244867019376e-05)
(1.3501433916562397e-05,1.8622042782003494e-05)
(-2.9430777405315884e-05,0.00010047932343156958)
(-0.00014281836790556527,0.0001381562121849381)
(3.7813331244856406e-05,5.97338591721641e-06)
(-3.798424689321876e-05,4.069690385486677e-05)
(-0.00028675536393258153,-7.464248289358209e-05)
(9.754510036743788e-06,6.895450148917834e-05)
(3.6012153278050185e-05,1.5429466404949626e-05)
(3.538659447384995e-05,0.00020716967762751613)
(-0.00013064086592160285,0.0003117127923929334)
(6.0263775234615945e-05,2.5972870747594218e-05)
(-5.134690574292981e-05,7.817748738639265e-05)
(-0.00045874366266451973,-2.988096057184226e-05)
(4.531512061058479e-05,8.133665176478793e-05)
(3.523276328904355e-05,-9.700793775646318e-07)
(0.00014365443528621173,0.0002953403209489213)
(-0.0026277330214421624,0.0049438286620926575)
(0.001078358809322011,0.00011230818054718794)
(-0.000769556817278508,0.0015723405782637435)
(-0.008207206981605196,1.0552763193144307e-18)
(0.0007695568172785029,0.0015723405782637435)
(0.0010783588093220076,-0.00011230818054718923)
(0.002627733021442151,0.004943828662092647)
(0.00014365443528621726,-0.00029534032094891436)
(-3.5232763289044706e-05,-9.700793775626523e-07)
(4.5315120610583e-05,-8.133665176479084e-05)
(0.00045874366266452043,-2.9880960571846503e-05)
(-5.1346905742931326e-05,-7.817748738639157e-05)
(-6.026377523461856e-05,2.597287074758807e-05)
(-0.00013064086592159938,-0.000311712792392931)
(-3.538659447385225e-05,0.00020716967762751936)
(3.6012153278048206e-05,-1.5429466404951252e-05)
(-9.754510036744796e-06,6.895450148917858e-05)
(-0.0002867553639325908,7.464248289358635e-05)
(3.798424689321294e-05,4.069690385486875e-05)
(3.7813331244855125e-05,-5.973385917214261e-06)
(0.000142818367905568,0.00013815621218493923)
(-2.9430777405321437e-05,-0.00010047932343156709)
(-1.3501433916564145e-05,1.8622042782003847e-05)
(-1.232369087021682e-05,-4.308244867019547e-05)
(9.419855319427155e-05,-5.546685193785175e-05)
(-1.2239608506686773e-05,-2.6884168807126865e-05)
(-1.434084667277904e-05,2.2766539268131996e-05)
(-8.587069603992627e-05,-3.1815268082742785e-05)
(-1.17519443441852e-05,2.7210674212770647e-05)
(-0.00014945555438783327,-2.051882620900335e-05)
(7.050648421588986e-06,3.277983533398257e-05)
(4.8072885909028275e-05,1.1833403660035927e-05)
(0.00010129704437320771,0.00013596065295673726)
(3.979465810706918e-05,-1.8551072177190507e-05)
(9.692115586076868e-06,3.315105425295405e-05)
(-9.274689787283561e-05,0.00012644176524316322)
(4.145077479240863e-05,-2.759199328274557e-05)
(-3.138110086799556e-05,2.368659126610774e-05)
(-0.00019183564030125454,-6.623808360110695e-05)
(-4.189121023006045e-06,1.404914825422129e-05)
(3.7396742843778385e-05,-8.834023250774058e-07)
(3.2309061353349205e-05,0.00016900208649051112)
(3.5660339917670936e-05,3.141706588506151e-06)
(-7.809395472116026e-06,5.7320510860433275e-05)
(-0.00015303908858579568,0.00011669554832815655)
(2.2750790094393418e-05,1.8812851141843758e-05)
(7.1633632201393495e-06,4.090744406592872e-06)
(3.3188857375666314e-05,2.1981264798757233e-05)
(-4.469813544541494e-06,-8.331262283637734e-06)
(-1.5300712692706197e-05,-8.712907738061466e-06)
(2.153199854657813e-07,-3.313736008316794e-05)
(-2.200890397395042e-05,7.791628278067056e-06)
(-4.841580443915448e-06,-1.7601449818648112e-06)
(3.2000414423207216e-05,-1.7987703030022245e-05)
(-1.0510693043373915e-05,1.0671411276700576e-06)
(2.3689591143086372e-05,1.4631677435160312e-05)
(5.458896967966479e-06,0.0002987736809122532)
(4.652772653011281e-05,-2.507552507971664e-05)
(-1.8295939650923345e-05,-5.865814212887047e-05)
(0.00025035497145725264,-0.00015913419619142962)
(-4.569466580060161e-05,-7.143153517453316e-05)
(6.789380642306172e-05,-3.940098043965113e-05)
(0.00021869623549833185,0.00016099368551034606)
(-2.9183865846941604e-05,-5.8535982783955455e-05)
(0.00043430336877316314,0.0006623068089446866)
(-0.00177867397614813,0.0034154313958347886)
(0.0007552375283500827,-5.6900948291513315e-06)
(0.0004003135295525931,-0.0010658140497983568)
(0.003247000564126491,1.6364815710808038e-18)
(-0.0004003135295525894,-0.0010658140497983519)
(0.0007552375283500706,5.690094829151505e-06)
(0.0017786739761481332,0.003415431395834789)
(0.00043430336877316677,-0.0006623068089446869)
(2.9183865846941333e-05,-5.853598278395838e-05)
(0.00021869623549833377,-0.00016099368551033926)
(-6.789380642306169e-05,-3.940098043965248e-05)
(-4.5694665800600904e-05,7.143153517453502e-05)
(-0.00025035497145725567,-0.00015913419619143393)
(-1.8295939650920675e-05,5.865814212886569e-05)
(-4.65277265301109e-05,-2.5075525079711878e-05)
(5.458896967965507e-06,-0.00029877368091224977)
(-2.3689591143087334e-05,1.4631677435160722e-05)
(-1.0510693043370713e-05,-1.0671411276702685e-06)
(-3.200041442320901e-05,-1.7987703030022512e-05)
(-4.8415804439137154e-06,1.7601449818648315e-06)
(2.200890397394716e-05,7.791628278064194e-06)
(2.15319985469125e-07,3.313736008316894e-05)
(1.5300712692705283e-05,-8.712907738060043e-06)
(-4.469813544541676e-06,8.331262283643084e-06)
(-3.318885737566922e-05,2.198126479875259e-05)
(7.163363220140762e-06,-4.090744406595083e-06)
(-2.275079009439673e-05,1.8812851141845662e-05)
(-0.0001530390885858002,-0.0001166955483281556)
(7.809395472120669e-06,5.732051086043121e-05)
(3.566033991767551e-05,-3.1417065885072805e-06)
(-3.230906135335161e-05,0.00016900208649050952)
(3.739674284377761e-05,8.834023250771788e-07)
(4.189121023003998e-06,1.4049148254224525e-05)
(-0.00019183564030125902,6.623808360110636e-05)
(3.1381100867993574e-05,2.3686591266112114e-05)
(4.14507747924025e-05,2.759199328274091e-05)
(9.274689787283646e-05,0.00012644176524316945)
(9.692115586075231e-06,-3.315105425295487e-05)
(-3.979465810706743e-05,-1.8551072177184926e-05)
(0.00010129704437320959,-0.00013596065295673883)
(-4.807288590902919e-05,1.1833403660035681e-05)
(7.050648421596182e-06,-3.277983533398288e-05)
(0.00014945555438783476,-2.0518826209005615e-05)
(-1.175194434418693e-05,-2.7210674212772477e-05)
(-5.57553364719102e-06,-1.3227665963902419e-06)
(-5.92043977136258e-06,-1.9387022871900175e-06)
(3.397762070001787e-06,3.757846053211117e-06)
(1.1298906919789011e-05,1.1609826518121384e-06)
(-1.3888767383173045e-06,-3.466037731124162e-06)
(7.643216374123218e-06,9.341757370317769e-07)
(2.068111148037378e-05,4.703455587841089e-06)
(4.261745603093892e-06,2.0075450379554655e-06)
(-1.2272793732545163e-05,6.570870361190403e-07)
(5.704639648585121e-06,4.641446313244958e-06)
(6.164488683543261e-06,-6.1969305555457525e-06)
(3.244561522884406e-06,-8.033646668961915e-06)
(-1.445140620678062e-05,-1.4197753024238125e-05)
(-1.289397577971808e-05,1.642887520680695e-06)
(-6.414918974068112e-06,-9.87559142322546e-06)
(-7.83032479102298e-06,1.2683812299575923e-05)
(-6.686120187371643e-05,-3.1295684289778483e-07)
(-1.2050431229341933e-05,-2.0420217622497006e-05)
(1.7402434048533522e-05,2.294250407181261e-07)
(1.519461402573223e-05,4.262580281021366e-05)
(1.0353208923619169e-06,4.4667374809076514e-05)
(2.995728060332168e-05,-2.7176459624552525e-05)
(2.0825179164551892e-05,1.1635649001800651e-06)
(1.6312262842889464e-05,2.8513692957393543e-06)
(2.9397666366436623e-06,2.210106174492701e-05)
(9.51308606676401e-06,3.951480699132137e-06)
(3.7577974236093474e-06,-8.634331594543835e-06)
(-8.626231159789886e-06,-1.451319441194219e-05)
(1.5269809684697574e-06,-2.352605013961268e-05)
(1.1854669768366333e-05,1.0651602524306896e-05)
(-1.522283440698968e-06,8.693340728715634e-06)
(-1.4829996628536373e-05,5.882223498618131e-06)
(-1.0141751945284015e-05,-2.2161817071830424e-06)
(9.351306563687893e-06,-1.922947091308683e-05)
(1.2205322817324992e-06,-4.977401436867573e-06)
(-5.303513847159978e-06,-5.592059404501997e-06)
(-3.37700343135243e-06,1.3537280462094696e-05)
(-6.825575550248896e-06,6.735359754183255e-06)
(-3.2339016840070965e-07,-1.6613940421680072e-05)
(1.5746797757119947e-05,-1.2997377791846295e-05)
(1.039049316109362e-05,8.21004901184344e-06)
(-1.1261852338231713e-05,8.27858279139099e-06)
(-7.569734936855981e-06,1.3455771205823758e-05)
(-3.940626928967135e-06,1.191079176632195e-05)
(-1.9962249155988165e-05,2.817007618769512e-05)
(6.149829883648291e-06,-3.3995382289735365e-06)
(-7.00644168780108e-06,-4.6292231651023474e-05)
(-1.2604295864659136e-05,-2.048045759948209e-05)
(3.495214547578935e-06,5.448421502244128e-06)
(9.152961492688835e-06,2.5687766687367032e-05)
(-2.129548106624722e-05,2.97478573457573e-06)
(2.1180633638770255e-05,-2.8410243020640135e-05)
(-1.754162808267463e-05,-3.2641296735320724e-05)
(-1.769224887515664e-05,1.2589552838397937e-05)
(-2.7242867587116137e-05,-2.2103644719893532e-05)
(3.7902369116967966e-05,-4.195176757207609e-05)
(-4.902843709491512e-05,-0.00015150755635326836)
(9.409451274169784e-05,-0.00021808611673863288)
(-0.00011123097142152675,-1.0125284166937364e-05)
(9.966253331004409e-06,1.5383192858771777e-05)
(0.00023594313378265148,-8.437346052147486e-19)
(-9.966253331008381e-06,1.5383192858774305e-05)
(-0.0001112309714215293,1.0125284166946212e-05)
(-9.40945127416992e-05,-0.0002180861167386253)
(-4.9028437094913675e-05,0.00015150755635327096)
(-3.7902369116968006e-05,-4.195176757207614e-05)
(-2.7242867587114534e-05,2.2103644719886956e-05)
(1.7692248875157214e-05,1.258955283839916e-05)
(-1.7541628082673687e-05,3.264129673531995e-05)
(-2.1180633638769093e-05,-2.8410243020636503e-05)
(-2.1295481066243392e-05,-2.974785734575923e-06)
(-9.152961492690353e-06,2.5687766687370576e-05)
(3.4952145475791392e-06,-5.448421502247149e-06)
(1.2604295864659596e-05,-2.0480457599482856e-05)
(-7.0064416878009345e-06,4.629223165101974e-05)
(-6.149829883650274e-06,-3.3995382289717403e-06)
(-1.9962249155991015e-05,-2.8170076187696905e-05)
(3.9406269289688705e-06,1.191079176632123e-05)
(-7.569734936855964e-06,-1.3455771205821191e-05)
(1.1261852338229182e-05,8.278582791385869e-06)
(1.0390493161097119e-05,-8.210049011835957e-06)
(-1.574679775711879e-05,-1.2997377791852295e-05)
(-3.2339016840238577e-07,1.6613940421677135e-05)
(6.825575550248813e-06,6.735359754184931e-06)
(-3.377003431348705e-06,-1.35372804620932e-05)
(5.303513847161324e-06,-5.5920594045007006e-06)
(1.2205322817329868e-06,4.977401436866305e-06)
(-9.351306563686663e-06,-1.9229470913084252e-05)
(-1.0141751945284144e-05,2.2161817071848487e-06)
(1.4829996628534015e-05,5.882223498614167e-06)
(-1.522283440700696e-06,-8.693340728714686e-06)
(-1.185466976836271e-05,1.0651602524302739e-05)
(1.5269809684758457e-06,2.3526050139609825e-05)
(8.626231159789019e-06,-1.4513194411939069e-05)
(3.757797423608331e-06,8.63433159454318e-06)
(-9.513086066766031e-06,3.951480699128219e-06)
(2.9397666366419895e-06,-2.2101061744920263e-05)
(-1.6312262842886175e-05,2.8513692957372486e-06)
(2.0825179164553458e-05,-1.163564900177785e-06)
(-2.9957280603320346e-05,-2.7176459624546843e-05)
(1.0353208923561029e-06,-4.466737480907466e-05)
(-1.5194614025732385e-05,4.2625802810215325e-05)
(1.740243404853234e-05,-2.2942504071257546e-07)
(1.205043122933808e-05,-2.042021762250387e-05)
(-6.686120187371426e-05,3.1295684289842757e-07)
(7.830324791021168e-06,1.2683812299568557e-05)
(-6.414918974064916e-06,9.875591423223547e-06)
(1.2893975779721896e-05,1.6428875206805736e-06)
(-1.4451406206783683e-05,1.419775302424154e-05)
(-3.2445615228813566e-06,-8.033646668964067e-06)
(6.164488683544806e-06,6.19693055554727e-06)
(-5.704639648585728e-06,4.641446313244473e-06)
(-1.2272793732544628e-05,-6.570870361178717e-07)
(-4.261745603093144e-06,2.0075450379508233e-06)
(2.0681111480372054e-05,-4.703455587839077e-06)
(-7.64321637412445e-06,9.341757370322609e-07)
(-1.388876738316334e-06,3.4660377311285005e-06)
(-1.1298906919793165e-05,1.1609826518103681e-06)
(3.3977620700040773e-06,-3.7578460532100463e-06)
(5.9204397713603215e-06,-1.9387022871955415e-06)
(-5.575533647190904e-06,1.3227665963895331e-06)
(-3.8291783406335974e-05,3.778174207635171e-06)
(3.929665034153214e-06,5.840813061630653e-06)
(-6.749593780166855e-06,-6.798342724141112e-06)
(-7.259242488341558e-06,-8.724281789397375e-06)
(-2.2156572343102717e-05,3.579655630772987e-06)
(9.529325448463805e-06,-1.7561586210088264e-05)
(2.6125742595936004e-05,-2.1610962030997706e-05)
(4.5087723679636086e-06,-2.1579486582813736e-07)
(6.907065856018454e-07,4.208702623932517e-06)
(-1.840673966408788e-05,-4.588731219793891e-06)
(2.2085829044343802e-06,7.617972645907334e-06)
(6.826212968224927e-06,-9.989961904650855e-07)
(8.891802048560671e-07,1.7886128321676362e-05)
(-7.278811917249118e-05,-3.6983397049200086e-05)
(-1.2244842515118975e-05,1.6610809901770654e-05)
(-1.1413569499522697e-05,-9.232042816794334e-06)
(-1.1181427768066026e-05,-3.153075688915532e-05)
(-4.216381528359983e-05,1.836335825810804e-05)
(-2.0165615576265083e-05,-4.3120292964246904e-05)
(7.411973564250161e-05,-4.8729776706464845e-05)
(-1.5808417532376263e-05,-2.9282993061736394e-06)
(7.335823595934536e-06,-5.910756992012266e-06)
(-1.1512447285835066e-05,-2.260224937265988e-05)
(5.510096782702197e-06,1.9662346488852606e-05)
(1.2164221714842531e-05,1.1968990702161534e-05)
(5.671763991029866e-06,4.5972170243901556e-05)
(5.921404135420704e-05,4.065546687818591e-05)
(-1.976661286735764e-06,1.0421753696409087e-05)
(-6.9755272953712376e-06,7.76115903750644e-06)
(3.3657767624810057e-06,1.4080946844127396e-05)
(6.047621336655799e-05,-3.6207443645610567e-06)
(1.5037576088483683e-05,-2.919353584941271e-05)
(-7.5833453954117295e-06,-1.6903856432588874e-06)
(-2.7822751109276046e-05,-3.2119466995088875e-05)
(-3.597936205936958e-05,1.6798807961533487e-05)
(1.546461387164178e-05,1.3070682904316353e-05)
(4.339985893609705e-06,-1.9320060692923612e-05)
(-1.0301416818193867e-05,3.334818677909292e-05)
(2.4318360295822562e-05,-1.038904596944041e-05)
(-4.493999800913983e-06,-2.9893920331656404e-05)
(-1.6382250747562986e-05,-9.098963683635994e-07)
(-1.0420003638298838e-05,-1.0480582561631713e-05)
(2.690508968907545e-05,-1.776236376073524e-05)
(-6.646192885000836e-07,4.203445089497498e-06)
(1.3010450486799677e-05,2.529000471843995e-06)
(-1.4633728853741743e-06,-8.923884022969537e-07)
(-2.431462276983574e-06,1.5847171079876132e-05)
(-1.4008195117340306e-05,-1.2295824350989405e-05)
(5.614386116984322e-06,-8.791459306540986e-06)
(-2.162354635143227e-05,8.484104524442153e-06)
(-8.022036745141916e-06,1.2547668332618413e-05)
(-1.5365496663490916e-05,5.576894715567393e-07)
(-0.00011510870119839546,1.506457139593178e-05)
(-4.99833565376994e-06,2.369202291278258e-05)
(-1.5591422538535408e-05,1.3421776362135662e-06)
(-1.535450774247213e-05,-2.5946508580050908e-05)
(-3.201202317658141e-05,3.970849178209335e-06)
(1.9950189894887026e-06,-1.197974558467798e-05)
(3.376775750037174e-05,-2.4515676383646335e-05)
(-1.14765768714116e-05,3.727040786947749e-06)
(1.1752056629897947e-05,3.3129584354035227e-06)
(-4.359598391131149e-05,-5.748977137935244e-06)
(1.9866046810318263e-07,1.3244783775096095e-05)
(2.899882097693794e-06,2.1221689548837702e-05)
(-2.5415196303809782e-05,9.099766759790752e-05)
(-0.0001859640705210909,-5.174307172888085e-05)
(-9.917779560299919e-06,7.56665722465469e-05)
(-4.2753181968032584e-05,-2.031986498647649e-05)
(-3.487847530494315e-05,-0.00018913974765699025)
(-8.092749652618389e-05,3.5191712884901876e-05)
(-4.030713891513696e-05,-0.0001266837808239864)
(0.0001826434723870101,-0.00013887104180163956)
(-0.00013754740872228772,-2.3419610935908688e-05)
(-5.7348179552428054e-05,7.444966345031504e-05)
(-0.00013298041947452387,-9.13251843734328e-05)
(3.114445930203633e-05,7.230264719191247e-05)
(4.922597740752921e-05,-1.9142587866683752e-05)
(-1.234499084282977e-05,0.0001067373567529303)
(-0.0003386608592755041,-0.0005257866133378218)
(-6.0398819265619775e-05,0.00035399290992870153)
(-0.00016244253449944365,-0.0002289845817836278)
(0.0004307269670618431,-0.0008285834728040853)
(-0.0004799836940896355,-0.00011130213062610706)
(0.00023034791325412713,-0.00041784749686464166)
(0.001464153037540939,3.484357041354317e-18)
(-0.00023034791325412529,-0.00041784749686464995)
(-0.00047998369408964515,0.0001113021306261127)
(-0.00043072696706184383,-0.0008285834728040828)
(-0.00016244253449944793,0.00022898458178363058)
(6.039881926561468e-05,0.00035399290992869486)
(-0.0003386608592755081,0.0005257866133378182)
(1.2344990842832391e-05,0.00010673735675292805)
(4.922597740753261e-05,1.9142587866681685e-05)
(-3.114445930203365e-05,7.23026471919149e-05)
(-0.00013298041947451945,9.132518437343346e-05)
(5.734817955242766e-05,7.444966345032414e-05)
(-0.00013754740872228607,2.3419610935904487e-05)
(-0.00018264347238701657,-0.00013887104180163154)
(-4.0307138915134704e-05,0.0001266837808239856)
(8.092749652618111e-05,3.519171288488817e-05)
(-3.487847530494231e-05,0.00018913974765699372)
(4.2753181968033986e-05,-2.0319864986477752e-05)
(-9.917779560297295e-06,-7.56665722465452e-05)
(0.0001859640705210889,-5.1743071728881375e-05)
(-2.5415196303798127e-05,-9.099766759790396e-05)
(-2.8998820976944426e-06,2.1221689548834904e-05)
(1.9866046810321405e-07,-1.3244783775090923e-05)
(4.3595983911307916e-05,-5.748977137936726e-06)
(1.1752056629899953e-05,-3.312958435392301e-06)
(1.1476576871413116e-05,3.72704078694649e-06)
(3.3767757500373676e-05,2.4515676383651235e-05)
(-1.995018989490187e-06,-1.1979745584683141e-05)
(-3.2012023176583866e-05,-3.970849178220218e-06)
(1.5354507742474925e-05,-2.594650858005702e-05)
(-1.559142253853732e-05,-1.3421776362109275e-06)
(4.998335653772792e-06,2.3692022912782758e-05)
(-0.00011510870119838286,-1.5064571395932702e-05)
(1.536549666348734e-05,5.576894715530396e-07)
(-8.022036745139341e-06,-1.254766833261651e-05)
(2.1623546351438574e-05,8.484104524440236e-06)
(5.614386116991117e-06,8.791459306540363e-06)
(1.4008195117339817e-05,-1.2295824350992331e-05)
(-2.4314622769857235e-06,-1.584717107987266e-05)
(1.4633728853775957e-06,-8.923884022975356e-07)
(1.3010450486800125e-05,-2.529000471842938e-06)
(6.646192885001234e-07,4.203445089506768e-06)
(2.690508968907176e-05,1.776236376073551e-05)
(1.0420003638300248e-05,-1.0480582561631518e-05)
(-1.6382250747560184e-05,9.098963683589498e-07)
(4.49399980091218e-06,-2.989392033165579e-05)
(2.4318360295827386e-05,1.0389045969437334e-05)
(1.0301416818195073e-05,3.33481867790919e-05)
(4.339985893609657e-06,1.9320060692922067e-05)
(-1.546461387164028e-05,1.3070682904310686e-05)
(-3.597936205936051e-05,-1.6798807961529957e-05)
(2.7822751109275283e-05,-3.211946699508456e-05)
(-7.583345395414111e-06,1.6903856432604618e-06)
(-1.503757608848371e-05,-2.9193535849413682e-05)
(6.047621336655372e-05,3.6207443645645516e-06)
(-3.365776762482314e-06,1.4080946844125844e-05)
(-6.975527295368563e-06,-7.761159037508209e-06)
(1.9766612867347736e-06,1.0421753696410256e-05)
(5.921404135420367e-05,-4.065546687818905e-05)
(-5.671763991028172e-06,4.597217024390049e-05)
(1.2164221714847139e-05,-1.1968990702157658e-05)
(-5.510096782703943e-06,1.9662346488852484e-05)
(-1.1512447285832295e-05,2.2602249372659446e-05)
(-7.335823595928421e-06,-5.910756992005319e-06)
(-1.5808417532376222e-05,2.9282993061689774e-06)
(-7.41197356425082e-05,-4.8729776706461206e-05)
(-2.0165615576261332e-05,4.3120292964248815e-05)
(4.216381528359382e-05,1.8363358258098877e-05)
(-1.1181427768065131e-05,3.15307568891589e-05)
(1.1413569499527234e-05,-9.232042816800077e-06)
(-1.2244842515119323e-05,-1.6610809901768394e-05)
(7.278811917249027e-05,-3.698339704920212e-05)
(8.891802048588047e-07,-1.7886128321677284e-05)
(-6.82621296822465e-06,-9.989961904653493e-07)
(2.2085829044327412e-06,-7.617972645907147e-06)
(1.8406739664084996e-05,-4.588731219798903e-06)
(6.907065856014117e-07,-4.208702623925036e-06)
(-4.508772367961348e-06,-2.1579486583316627e-07)
(2.6125742595941212e-05,2.1610962030999552e-05)
(-9.529325448469558e-06,-1.756158621008779e-05)
(-2.2156572343101355e-05,-3.5796556307789908e-06)
(7.259242488344117e-06,-8.724281789395649e-06)
(-6.749593780165985e-06,6.7983427241442905e-06)
(-3.9296650341526885e-06,5.840813061633278e-06)
(-3.829178340633639e-05,-3.7781742076327283e-06)
(-1.4919332788094442e-05,7.434752893715788e-06)
(-4.206647706088447e-06,7.660580897284106e-06)
(-2.325918711315661e-05,2.2023605042089336e-07)
(3.562283811071334e-06,-9.102715807335663e-06)
(-1.4626143209655914e-05,-8.855556630489872e-06)
(-1.3978539681440615e-05,-2.104339971641989e-05)
(-4.677904926871729e-06,5.788229946366524e-06)
(-2.82831297795493e-06,9.468461998086644e-07)
(1.6192741564560215e-06,1.4637430872284206e-05)
(-9.400447084662677e-06,-1.4387150499161039e-05)
(-1.170695264983397e-05,-1.545477296097331e-05)
(-1.7119683104952503e-05,-3.28695193924869e-07)
(-1.2961414139757925e-06,3.630109607692932e-06)
(6.901329514960643e-09,5.122633266860662e-06)
(1.9549831823539518e-05,2.978381221830743e-06)
(-5.647562943849454e-07,5.132605517025034e-06)
(6.744964138968344e-06,-1.4603932285161446e-06)
(-8.475440241442188e-06,1.6769412079212524e-06)
(-8.025539544693423e-06,2.0522132654330946e-07)
(-1.0510252645002722e-05,1.155684341461822e-05)
(-4.1676797314557285e-05,1.614730305834345e-05)
(-8.153016883037308e-06,4.471168552454677e-06)
(-1.1099137248725334e-05,2.404455087130583e-05)
(4.7202004252074895e-06,7.504473466437447e-06)
(2.1032963106620698e-05,1.5311166180248818e-05)
(8.530528067392383e-06,8.74544464965245e-06)
(5.355670111449238e-06,2.220708395560308e-06)
(2.262658104522494e-06,5.593046876287162e-06)
(-1.8973014198618348e-05,4.3342332990490616e-06)
(1.1698013977959597e-06,-1.948720719319004e-06)
(1.8814975223356713e-05,7.395350518714152e-06)
(1.6857941032403773e-05,1.9410179260163826e-06)
(-8.842914232715968e-06,-7.563365488627289e-06)
(1.5026637007109523e-05,2.274272795599701e-07)
(1.9816514743218452e-05,2.1663007939825615e-05)
(-7.031421677035995e-06,5.904426783053361e-06)
(-4.4684913903941e-06,1.8679767933105743e-06)
(7.635035483837467e-06,-3.157082380900162e-05)
(-1.832370479913961e-06,-1.0157611619230242e-06)
(1.21396471158323e-05,-1.646861000414632e-05)
(1.352809402238227e-05,4.99258813779263e-06)
(2.400981434776662e-06,2.193915528973121e-06)
(1.366226360040361e-05,-1.2542388179090206e-05)
(2.224784230633001e-06,-1.543604174424868e-05)
(-2.0600369882040292e-05,2.4564279249760326e-06)
(-3.061501004307228e-05,-3.1855622093241655e-06)
(2.9560463614368177e-05,1.6970005109888768e-05)
(-1.4676839344129506e-05,1.6191356495373143e-05)
(1.2315548006517187e-06,3.981019443448555e-06)
(5.783527242426549e-05,-0.00010375798352141064)
(-1.7716946759889333e-05,-2.9721833826408983e-06)
(1.4136218475253901e-05,-8.315797016065622e-06)
(3.6528614321192427e-05,4.686660047494766e-19)
(-1.9687913709539802e-05,-3.1293474047262107e-06)
(3.878035583095548e-05,-2.812032295131434e-05)
(5.8143325530290585e-05,0.00011138357267972664)
(9.214471527088944e-06,1.365951570064735e-05)
(2.0310139239416157e-05,-4.773904227452276e-06)
(-8.596915609233814e-07,-1.4851794689496274e-05)
(-1.7775718394999696e-05,2.888282079285283e-06)
(5.793306142250817e-05,-1.4915626339553067e-05)
(1.7731320382018817e-05,-1.842805482931914e-05)
(-5.1880770572123957e-08,-3.2423212338540452e-06)
(6.1008032260407835e-06,-9.33062117953538e-06)
(-2.123438033352249e-05,-3.3696921680796042e-06)
(1.1329702099566903e-05,1.3543274827778903e-05)
(-1.931356806502356e-06,-4.751273956544676e-06)
(-1.1866074138317804e-05,-2.99407276976185e-05)
(7.2122382029339305e-06,-3.909093935629735e-05)
(2.051649001987418e-05,1.396761383782289e-05)
(1.1625953319785253e-06,-3.4050772659905445e-05)
(-1.7977059640702554e-05,1.2769570541901298e-07)
(-1.0500832700172744e-05,1.3892075906534573e-05)
(-1.549781469017505e-05,-7.161533004244558e-06)
(-5.820494800317126e-05,8.954650119138387e-06)
(-3.854599331860233e-06,9.378326256409024e-06)
(1.6749680562921676e-05,1.7268250055601928e-05)
(1.3836875848091479e-05,2.0291703439602787e-05)
(-8.455578249276733e-06,7.044740412075955e-06)
(-1.8457353017922748e-05,-7.107532307106844e-06)
(-2.5377223329609727e-05,1.5987944368461138e-05)
(1.7616465647935363e-05,1.6546882301453442e-05)
(-1.6071481718220298e-05,2.6139182615441447e-05)
(3.615569297419305e-05,2.026918302098575e-06)
(2.794903324091039e-05,2.340307303499097e-05)
(-8.361219353660836e-06,5.972571961020715e-06)
(7.272660430666739e-06,-3.7243251257574847e-06)
(1.137499692186485e-05,7.282355460470948e-06)
(-3.6869362786055404e-06,0.00010377793975946947)
(-2.277114627424014e-06,-5.453715695618922e-06)
(-5.148586060116623e-06,2.500364533825659e-06)
(-0.0002166695105719072,-8.55772648668694e-05)
(1.096943549909599e-05,4.351493077946819e-05)
(-3.1786922240324225e-05,-1.4116939245993434e-05)
(4.578844923966197e-06,-6.815176506918456e-05)
(-2.6871209554288477e-06,4.298174489713785e-05)
(-6.699181180754199e-06,7.767769375305868e-05)
(-0.00013637998646815424,9.782415741353805e-05)
(0.00011418101792594223,3.549582737288274e-05)
(-4.7807637690802315e-05,2.9168814688644257e-05)
(-1.972494062379632e-05,-1.9016625372360483e-05)
(3.222656580141316e-05,2.654926795249465e-05)
(9.185221050321317e-05,-4.103833520503957e-06)
(4.1185260642966785e-06,9.664464299725923e-05)
(5.036905708773148e-06,-4.602779444038755e-06)
(-0.00022252278078978345,-1.4288051526468754e-18)
(-0.0005228466237525389,-0.0005907684978257461)
(-0.0001980982721324849,0.00018034595021639412)
(-4.018323800996691e-06,-0.00012496523898997413)
(0.00018670826765363485,-0.0003496095491620367)
(1.163072821639579e-05,4.3071919371207604e-05)
(-0.00014201469784621572,0.0003897469482638064)
(-0.0010114833556671271,-7.036941223286692e-19)
(0.00014201469784621732,0.0003897469482638055)
(1.1630728216395065e-05,-4.307191937122117e-05)
(-0.00018670826765363133,-0.0003496095491620329)
(-4.018323800996786e-06,0.00012496523898997223)
(0.00019809827213248803,0.00018034595021639078)
(-0.0005228466237525405,0.0005907684978257434)
(0.000222522780789786,7.95299762798437e-19)
(5.036905708779355e-06,4.60277944403506e-06)
(-4.1185260643019166e-06,9.664464299726037e-05)
(9.185221050320914e-05,4.103833520500491e-06)
(-3.2226565801415424e-05,2.6549267952495257e-05)
(-1.9724940623783934e-05,1.9016625372358694e-05)
(4.780763769080098e-05,2.9168814688639937e-05)
(0.00011418101792594809,-3.549582737287854e-05)
(0.0001363799864681528,9.782415741353767e-05)
(-6.6991811807538696e-06,-7.767769375305543e-05)
(2.6871209554310965e-06,4.2981744897130734e-05)
(4.578844923964367e-06,6.815176506918169e-05)
(3.178692224032158e-05,-1.4116939245993034e-05)
(1.096943549909895e-05,-4.351493077946859e-05)
(0.00021666951057190733,-8.557726486686994e-05)
(-5.148586060110324e-06,-2.5003645338263033e-06)
(2.277114627431804e-06,-5.453715695620918e-06)
(-3.6869362786058927e-06,-0.00010377793975946453)
(-1.137499692186618e-05,7.282355460467728e-06)
(7.272660430670128e-06,3.7243251257647992e-06)
(8.361219353660675e-06,5.972571961030595e-06)
(2.794903324091592e-05,-2.340307303498002e-05)
(-3.6155692974191154e-05,2.026918302099813e-06)
(-1.6071481718234786e-05,-2.6139182615439902e-05)
(-1.761646564793347e-05,1.654688230145547e-05)
(-2.537722332961851e-05,-1.5987944368464282e-05)
(1.8457353017927803e-05,-7.107532307116166e-06)
(-8.455578249272524e-06,-7.044740412084997e-06)
(-1.3836875848088634e-05,2.0291703439606866e-05)
(1.6749680562915578e-05,-1.7268250055604937e-05)
(3.8545993318582186e-06,9.378326256417748e-06)
(-5.820494800319565e-05,-8.9546501191493e-06)
(1.5497814690175982e-05,-7.161533004250614e-06)
(-1.0500832700172027e-05,-1.389207590653551e-05)
(1.7977059640702798e-05,1.2769570541913866e-07)
(1.1625953319824013e-06,3.405077265990496e-05)
(-2.0516490019877832e-05,1.3967613837831422e-05)
(7.212238202930207e-06,3.9090939356299715e-05)
(1.1866074138316984e-05,-2.9940727697613157e-05)
(-1.9313568065004856e-06,4.75127395654226e-06)
(-1.132970209957266e-05,1.3543274827789663e-05)
(-2.1234380333519656e-05,3.369692168086402e-06)
(-6.100803226045056e-06,-9.330621179534482e-06)
(-5.188077057880874e-08,3.2423212338521208e-06)
(-1.7731320382016378e-05,-1.8428054829317932e-05)
(5.793306142253614e-05,1.4915626339562526e-05)
(1.7775718395001827e-05,2.8882820792834213e-06)
(-8.59691560927908e-07,1.485179468950248e-05)
(-2.0310139239415683e-05,-4.773904227452288e-06)
(9.214471527092786e-06,-1.3659515700644725e-05)
(-5.814332553029117e-05,0.00011138357267972793)
(3.878035583095158e-05,2.812032295131832e-05)
(1.9687913709539612e-05,-3.129347404723513e-06)
(3.652861432119071e-05,-4.47024874866525e-19)
(-1.4136218475255048e-05,-8.315797016062116e-06)
(-1.7716946759889512e-05,2.9721833826383835e-06)
(-5.78352724242628e-05,-0.00010375798352141136)
(1.2315548006559336e-06,-3.9810194434502895e-06)
(1.4676839344129757e-05,1.619135649537558e-05)
(2.9560463614371267e-05,-1.6970005109887335e-05)
(3.061501004307374e-05,-3.1855622093233435e-06)
(-2.0600369882026496e-05,-2.456427924981867e-06)
(-2.2247842306373297e-06,-1.5436041744252348e-05)
(1.3662263600400167e-05,1.2542388179088309e-05)
(-2.400981434773465e-06,2.1939155289750504e-06)
(1.3528094022381084e-05,-4.992588137791863e-06)
(-1.2139647115830265e-05,-1.646861000414471e-05)
(-1.8323704799172983e-06,1.015761161923026e-06)
(-7.635035483839985e-06,-3.157082380900842e-05)
(-4.46849139039346e-06,-1.8679767933082774e-06)
(7.031421677032614e-06,5.90442678305213e-06)
(1.9816514743214417e-05,-2.1663007939823758e-05)
(-1.5026637007112807e-05,2.2742727956289788e-07)
(-8.84291423271816e-06,7.563365488627939e-06)
(-1.6857941032404237e-05,1.9410179260159146e-06)
(1.8814975223353894e-05,-7.395350518719732e-06)
(-1.1698013977883692e-06,-1.9487207193195766e-06)
(-1.8973014198620557e-05,-4.334233299046093e-06)
(-2.262658104524064e-06,5.593046876288259e-06)
(5.355670111443936e-06,-2.2207083955579425e-06)
(-8.530528067392027e-06,8.745444649664285e-06)
(2.103296310662013e-05,-1.5311166180252884e-05)
(-4.720200425207709e-06,7.504473466440311e-06)
(-1.1099137248735285e-05,-2.4044550871304277e-05)
(8.153016883038771e-06,4.471168552457422e-06)
(-4.1676797314553436e-05,-1.6147303058351817e-05)
(1.051025264500772e-05,1.1556843414611023e-05)
(-8.025539544694552e-06,-2.0522132654144355e-07)
(8.475440241439093e-06,1.6769412079230445e-06)
(6.74496413896028e-06,1.460393228511381e-06)
(5.64756294376166e-07,5.132605517022614e-06)
(1.9549831823546728e-05,-2.9783812218280934e-06)
(-6.901329514239132e-09,5.122633266863124e-06)
(-1.2961414139729623e-06,-3.6301096076882566e-06)
(1.711968310494941e-05,-3.2869519392485485e-07)
(-1.1706952649832757e-05,1.5454772960970164e-05)
(9.400447084659238e-06,-1.4387150499163377e-05)
(1.619274156456187e-06,-1.4637430872287167e-05)
(2.8283129779525877e-06,9.46846199816132e-07)
(-4.677904926871409e-06,-5.7882299463685575e-06)
(1.3978539681444386e-05,-2.104339971642691e-05)
(-1.4626143209655303e-05,8.855556630489886e-06)
(-3.5622838110691556e-06,-9.102715807340637e-06)
(-2.3259187113154935e-05,-2.2023605042160825e-07)
(4.20664770608801e-06,7.660580897282765e-06)
(-1.491933278809718e-05,-7.434752893715512e-06)
(-5.3066620096661075e-05,3.787187292312188e-05)
(-1.139852840668567e-05,-1.9283965945451016e-07)
(9.946137735940071e-05,9.700453048359667e-05)
(-1.1672921009392722e-05,4.863999786060976e-05)
(-3.446338710443283e-05,2.2381118162557783e-05)
(-5.096388158251021e-05,0.00010323538336900216)
(4.514638650394689e-06,-1.5381193592350088e-05)
(2.53989647385108e-05,-3.071518926632876e-05)
(1.7066460595151021e-06,1.1170313702207945e-06)
(-4.8327530298160005e-06,-2.243123093905545e-05)
(1.7454297452274013e-05,8.379299314413532e-07)
(4.595359154344753e-05,0.00010743839759918662)
(1.9878405050836623e-05,2.724157195279595e-05)
(1.5735558412440677e-06,-3.169905629992526e-05)
(3.594340663612297e-05,-5.808811724937913e-06)
(7.242260279088943e-05,-1.1451744149322095e-08)
(7.999969279431452e-05,4.4398812402439555e-05)
(6.67845747531215e-05,-2.7279355441212126e-05)
(-2.1804666612717537e-05,-1.0092282218364849e-05)
(-4.620168675970403e-06,-2.772200376672856e-06)
(-3.687122387329762e-05,-1.6964292252971629e-06)
(-1.238161076980784e-05,5.447299841365097e-07)
(-2.321427968126281e-05,-4.426970182587941e-06)
(-2.340304676199157e-05,-1.971542272983299e-05)
(-1.3722339923374477e-05,4.9789388571299515e-06)
(-1.3439530891212515e-05,-1.2625652622505518e-05)
(1.1582709402824173e-05,-2.6945952426702372e-05)
(1.118874445779675e-05,1.321973866547401e-05)
(7.391990756582723e-06,8.566659336479537e-06)
(9.016344322410073e-06,-3.875416949415347e-06)
(-6.4962190262862115e-06,-1.1040120169938132e-05)
(8.88208432145781e-06,-1.2076563330832088e-05)
(-2.0292934446883358e-05,2.1013678946083837e-06)
(-2.315266840339253e-05,-3.283400939293328e-06)
(4.8963627132194034e-05,-4.839550630997611e-07)
(9.662404232322521e-07,-1.7469229340766473e-06)
(-9.130480442617665e-06,1.1145805807592387e-05)
(5.8990860523486995e-06,-4.2060008591490785e-06)
(7.250247480495796e-07,-1.4065747593655672e-05)
(6.466357600540796e-07,-1.5480062420963547e-05)
(1.0306240408206545e-06,1.3513816294346724e-06)
(-1.4987707839033581e-05,9.847806195588236e-07)
(-1.6770795250695764e-05,7.36276113618083e-07)
(-1.2015875024145146e-05,-1.0113621564285641e-05)
(3.48623155011837e-05,-1.0343033411413968e-05)
(1.0419018223391612e-05,7.562189442436808e-06)
(1.9585137815323143e-06,1.2137995638917914e-05)
(4.236993425430937e-06,3.036292658747759e-06)
(-7.076753115412492e-06,-4.023108529931758e-06)
(6.055024559105846e-07,-2.034806973681936e-06)
(2.5296858835107967e-05,-1.2787123928027994e-06)
(1.1548994929954121e-05,-2.1507339155984227e-05)
(5.311356695497578e-05,-6.767871164057415e-06)
(-2.9939276134609586e-05,-6.969026556441925e-06)
(-2.90352615430312e-05,-3.985490602800352e-06)
(-3.348160863787538e-05,-2.0959287105238326e-06)
(-9.642113685958908e-07,-2.316530175727223e-06)
(-8.986364257410315e-06,3.1638337490608015e-05)
(1.4085500028257667e-05,2.1215083213612263e-05)
(8.698782425576073e-06,-4.447623281930756e-06)
(2.092051012792758e-05,-3.930576129291909e-06)
(2.7481360401471826e-05,-4.085009689328283e-05)
(4.0921729271548095e-05,-3.6066777547217416e-06)
(-1.035906219714136e-05,-1.200496563101952e-05)
(-4.754035480662776e-06,8.98154734054485e-06)
(1.286962630281808e-05,-6.643413562906173e-06)
(5.9870560440466016e-05,4.4440725257951583e-07)
(-1.2169985504498218e-05,-9.76546776905992e-06)
(-9.056306594538595e-05,8.708237088142336e-05)
(2.4624335449178776e-05,5.929224766802845e-06)
(8.212023173398037e-06,7.322920598779461e-06)
(1.2262653870963192e-05,-1.7606352468363666e-05)
(-5.694624946278659e-05,1.5731608053964495e-05)
(-6.33245082318558e-06,1.3316507047275827e-05)
(-5.09941901835311e-05,1.7552702692488497e-05)
(1.8123539137004286e-05,2.659986415065019e-06)
(-3.74291515329178e-05,1.4015937324213466e-06)
(9.528384352326292e-06,1.3030029267514778e-05)
(-8.28947475218959e-05,-1.2323878553510715e-05)
(3.558974016667181e-05,5.786645100583918e-05)
(2.053740661773213e-05,8.165309150983758e-06)
(-3.656394979568851e-05,4.759075355445142e-05)
(2.1746512903503948e-05,-6.7186094454988946e-06)
(-2.7670588648001244e-05,5.922833049698137e-06)
(-1.4948925324167529e-05,1.7265384993735356e-05)
(1.8628478452762752e-05,-2.3183257803907183e-06)
(-9.219042969367053e-05,1.0627073499038968e-05)
(-1.2653845113727469e-05,-1.989672163246771e-05)
(1.3871775752566253e-05,3.9318762785332895e-06)
(-4.326382619238472e-06,1.3425231638691683e-05)
(-5.0577497425759884e-05,4.4227298856797405e-06)
(-7.344499091268104e-06,-7.3135589139097186e-06)
(2.346889362127706e-05,-8.693060912519447e-06)
(1.287076036981914e-05,1.2176025784685212e-05)
(3.1289876817978463e-06,3.376279216732667e-05)
(7.739259941693279e-06,1.680287512152479e-05)
(8.072858623628685e-06,4.097692537065995e-05)
(-9.06389593556106e-06,-4.581874155673433e-06)
(-5.361963180951727e-06,8.391136193939498e-06)
(8.94358575232617e-06,-4.29476067161072e-06)
(-9.188694702136205e-05,9.690411028339286e-06)
(-5.107955378574575e-06,-7.063392538815857e-06)
(7.082474063353241e-05,-8.131282323605528e-05)
(-3.2517997227496313e-06,1.0084227170987154e-05)
(-8.634471786730195e-05,-5.8860797224803306e-06)
(1.7415176071967233e-05,-2.361469342399169e-06)
(1.4425391734595639e-05,1.7848098437720617e-06)
(1.0864429250620329e-05,-6.613886823191284e-06)
(-3.2953438096539705e-05,-1.6617005654501898e-05)
(-4.811721751020072e-06,-2.0833841433143822e-06)
(-4.3414806112717865e-06,1.0842314888727483e-05)
(-1.7170295971923517e-05,3.880794423550918e-06)
(3.635082419538684e-06,-7.243045924266544e-06)
(2.6781270843139217e-05,1.333410990272963e-05)
(5.06568796941961e-06,-1.3879686757496749e-05)
(1.1269806063309819e-05,2.2977935578047593e-06)
(-3.385905001977832e-05,4.138844276243566e-05)
(-1.0286701207338944e-05,5.179493244521076e-06)
(0.00011462646482191197,1.4084557440421848e-05)
(3.3906544560376396e-06,-0.00012827069827728342)
(-2.5478146865666112e-05,6.715740134207358e-05)
(-4.875487606546903e-05,-3.140960856495987e-05)
(1.6883006418800906e-05,-1.0840865247968513e-05)
(-3.334830267961164e-05,-5.718307214025174e-06)
(-9.241263316210101e-07,5.0528351557215415e-05)
(1.3170361820077181e-05,-1.0361936537010191e-05)
(-2.966553631708933e-05,1.0420043452964351e-05)
(3.291065754311421e-05,-3.054460656068224e-05)
(-3.0011791046517984e-05,-1.6598606365985275e-05)
(6.585567302859404e-06,-2.6128945744871575e-06)
(5.805322439758141e-07,1.2563398759574771e-05)
(-2.5736244091136066e-05,-5.0679219825463524e-05)
(4.9734725328140176e-05,1.078086782906906e-06)
(4.505720187796267e-05,3.314577758001104e-05)
(-9.311930695294696e-06,-4.289554580050933e-05)
(4.690948428807418e-05,3.137579077529985e-06)
(-0.000286480266809387,0.0004483129588590133)
(2.2671731156844166e-05,1.0745274128833991e-18)
(-9.238460825251684e-05,-0.00010466221265267411)
(1.2032957278903904e-05,4.875526640440604e-05)
(5.265007441394652e-05,7.744074972802186e-05)
(-1.1886458883117343e-05,3.129255202387561e-05)
(8.749473229902751e-05,1.4617344624874222e-05)
(4.4982990352196745e-05,-0.00010775122540146749)
(9.686073940642697e-05,-2.9064481283701193e-18)
(-4.498299035220023e-05,-0.00010775122540145899)
(8.749473229902387e-05,-1.461734462487057e-05)
(1.1886458883127548e-05,3.129255202386912e-05)
(5.2650074413941743e-05,-7.744074972802022e-05)
(-1.2032957278897142e-05,4.875526640441071e-05)
(-9.238460825251628e-05,0.00010466221265268203)
(-2.267173115684344e-05,1.3741527124768707e-18)
(-0.0002864802668093875,-0.0004483129588590152)
(-4.6909484288072746e-05,3.137579077532004e-06)
(-9.31193069530299e-06,4.2895545800513186e-05)
(-4.5057201877962744e-05,3.3145777580010155e-05)
(4.973472532814128e-05,-1.0780867829047138e-06)
(2.5736244091139996e-05,-5.067921982545738e-05)
(5.805322439751093e-07,-1.2563398759573416e-05)
(-6.585567302864894e-06,-2.612894574499036e-06)
(-3.00117910465169e-05,1.659860636598568e-05)
(-3.2910657543108444e-05,-3.054460656068773e-05)
(-2.966553631708869e-05,-1.0420043452965474e-05)
(-1.3170361820067291e-05,-1.036193653699875e-05)
(-9.241263316173613e-07,-5.052835155721695e-05)
(3.334830267961122e-05,-5.7183072140251044e-06)
(1.688300641880242e-05,1.0840865247972442e-05)
(4.8754876065469715e-05,-3.140960856496254e-05)
(-2.547814686565018e-05,-6.715740134208e-05)
(-3.390654456035157e-06,-0.00012827069827728538)
(0.0001146264648218943,-1.4084557440426998e-05)
(1.028670120732895e-05,5.179493244523624e-06)
(-3.385905001977317e-05,-4.138844276242357e-05)
(-1.1269806063309202e-05,2.297793557803438e-06)
(5.06568796941908e-06,1.387968675749296e-05)
(-2.678127084313131e-05,1.3334109902739182e-05)
(3.635082419543563e-06,7.243045924276085e-06)
(1.7170295971924215e-05,3.880794423549892e-06)
(-4.341480611270956e-06,-1.0842314888727808e-05)
(4.811721751021819e-06,-2.083384143313575e-06)
(-3.2953438096541914e-05,1.6617005654488413e-05)
(-1.086442925062827e-05,-6.613886823185868e-06)
(1.4425391734595396e-05,-1.7848098437741643e-06)
(-1.7415176071967175e-05,-2.3614693424014993e-06)
(-8.634471786729065e-05,5.886079722486863e-06)
(3.251799722742665e-06,1.008422717099149e-05)
(7.082474063352926e-05,8.13128232360479e-05)
(5.107955378570335e-06,-7.06339253881584e-06)
(-9.188694702141561e-05,-9.690411028353376e-06)
(-8.943585752325701e-06,-4.294760671608734e-06)
(-5.36196318095284e-06,-8.391136193943484e-06)
(9.06389593555728e-06,-4.581874155671241e-06)
(8.072858623614835e-06,-4.0976925370661684e-05)
(-7.739259941696599e-06,1.6802875121536834e-05)
(3.128987681802402e-06,-3.376279216732694e-05)
(-1.2870760369828845e-05,1.217602578468236e-05)
(2.346889362127752e-05,8.6930609125174e-06)
(7.344499091277825e-06,-7.313558913919263e-06)
(-5.0577497425753576e-05,-4.422729885674987e-06)
(4.326382619238589e-06,1.34252316386939e-05)
(1.387177575256511e-05,-3.93187627852547e-06)
(1.2653845113723007e-05,-1.989672163246638e-05)
(-9.219042969371455e-05,-1.0627073499047311e-05)
(-1.8628478452762786e-05,-2.3183257803939116e-06)
(-1.494892532416227e-05,-1.7265384993726086e-05)
(2.7670588647999432e-05,5.922833049698187e-06)
(2.174651290350033e-05,6.7186094455028655e-06)
(3.656394979568445e-05,4.759075355444653e-05)
(2.0537406617741942e-05,-8.165309150977252e-06)
(-3.5589740166663414e-05,5.7866451005843245e-05)
(-8.289474752190509e-05,1.2323878553496268e-05)
(-9.528384352325453e-06,1.3030029267520493e-05)
(-3.742915153292024e-05,-1.4015937324248918e-06)
(-1.8123539137001037e-05,2.6599864150601257e-06)
(-5.099419018352179e-05,-1.7552702692489246e-05)
(6.33245082319126e-06,1.3316507047269845e-05)
(-5.694624946279014e-05,-1.573160805395891e-05)
(-1.2262653870958982e-05,-1.7606352468364967e-05)
(8.212023173394866e-06,-7.322920598786278e-06)
(-2.4624335449178587e-05,5.9292247668062426e-06)
(-9.056306594538341e-05,-8.708237088142082e-05)
(1.2169985504501586e-05,-9.765467769060893e-06)
(5.987056044044834e-05,-4.444072525725324e-07)
(-1.286962630281909e-05,-6.643413562908468e-06)
(-4.754035480666083e-06,-8.981547340545447e-06)
(1.0359062197144088e-05,-1.2004965631015794e-05)
(4.092172927155374e-05,3.6066777547276887e-06)
(-2.7481360401465402e-05,-4.0850096893274596e-05)
(2.092051012792659e-05,3.930576129293725e-06)
(-8.698782425583625e-06,-4.447623281929874e-06)
(1.408550002825874e-05,-2.121508321361053e-05)
(8.986364257406293e-06,3.163833749060269e-05)
(-9.642113685921876e-07,2.3165301757232116e-06)
(3.3481608637874244e-05,-2.0959287105232896e-06)
(-2.90352615430317e-05,3.985490602796155e-06)
(2.9939276134615244e-05,-6.969026556438631e-06)
(5.311356695495388e-05,6.767871164057977e-06)
(-1.1548994929952639e-05,-2.1507339155986277e-05)
(2.5296858835118213e-05,1.2787123927973784e-06)
(-6.055024558999523e-07,-2.034806973682149e-06)
(-7.076753115415203e-06,4.0231085299270144e-06)
(-4.236993425428237e-06,3.036292658748773e-06)
(1.9585137815358456e-06,-1.2137995638911181e-05)
(-1.0419018223389457e-05,7.56218944242887e-06)
(3.486231550118703e-05,1.0343033411422994e-05)
(1.2015875024146187e-05,-1.0113621564288094e-05)
(-1.6770795250689387e-05,-7.362761136208555e-07)
(1.4987707839039133e-05,9.847806195617042e-07)
(1.0306240408286234e-06,-1.3513816294470323e-06)
(-6.466357600546499e-07,-1.54800624209705e-05)
(7.250247480493467e-07,1.4065747593658264e-05)
(-5.899086052349164e-06,-4.2060008591524844e-06)
(-9.130480442615375e-06,-1.1145805807592557e-05)
(-9.662404232345313e-07,-1.7469229340770757e-06)
(4.896362713220168e-05,4.839550630967524e-07)
(2.3152668403395326e-05,-3.2834009392930123e-06)
(-2.029293444688249e-05,-2.1013678946069716e-06)
(-8.882084321455514e-06,-1.2076563330831963e-05)
(-6.496219026287748e-06,1.1040120169941478e-05)
(-9.016344322409916e-06,-3.87541694941621e-06)
(7.3919907565863955e-06,-8.566659336485717e-06)
(-1.1188744457796833e-05,1.3219738665477892e-05)
(1.1582709402833857e-05,2.69459524267021e-05)
(1.3439530891203972e-05,-1.2625652622505562e-05)
(-1.3722339923372941e-05,-4.978938857127547e-06)
(2.340304676200125e-05,-1.971542272983816e-05)
(-2.3214279681260283e-05,4.426970182590185e-06)
(1.2381610769808905e-05,5.447299841304303e-07)
(-3.687122387329846e-05,1.69642922529987e-06)
(4.620168675969634e-06,-2.772200376670043e-06)
(-2.180466661272569e-05,1.009228221836373e-05)
(-6.678457475311967e-05,-2.7279355441214646e-05)
(7.99996927943188e-05,-4.439881240244568e-05)
(-7.242260279088586e-05,-1.1451744150149939e-08)
(3.594340663612774e-05,5.8088117249337115e-06)
(-1.573555841244705e-06,-3.169905629992802e-05)
(1.9878405050830362e-05,-2.7241571952802183e-05)
(-4.595359154344284e-05,0.00010743839759918751)
(1.745429745227677e-05,-8.379299314495871e-07)
(4.832753029818617e-06,-2.2431230939057546e-05)
(1.7066460595152648e-06,-1.1170313702157663e-06)
(-2.539896473851159e-05,-3.0715189266334653e-05)
(4.514638650395209e-06,1.5381193592350494e-05)
(5.096388158251758e-05,0.00010323538336899456)
(-3.446338710442939e-05,-2.2381118162555398e-05)
(1.1672921009391017e-05,4.8639997860607145e-05)
(9.94613773594015e-05,-9.700453048359909e-05)
(1.1398528406682601e-05,-1.928396594611027e-07)
(-5.3066620096664e-05,-3.787187292312112e-05)
